00001   409.200000     1.000000
00002   204.600000     0.999992
00003   136.400000     0.999986
00004   102.300000     0.999970
00005    81.839997     0.999951
00006    68.200000     0.999961
00007    58.457141     0.999887
00008    51.150000     0.999801
00009    45.466668     0.999866
00010    40.919998     0.999740
00011    37.199999     0.999687
00012    34.100000     0.999812
00013    31.476924     0.999797
00014    29.228571     0.999786
00015    27.279998     0.999693
00016    25.575000     0.999163
00017    24.070587     0.999297
00018    22.733334     0.998814
00019    21.536842     0.998618
00020    20.459999     0.998623
00021    19.485714     0.998881
00022    18.600000     0.998889
00023    17.791305     0.998932
00024    17.050000     0.998383
00025    16.368000     0.998220
00026    15.738462     0.997646
00027    15.155555     0.997045
00028    14.614285     0.997291
00029    14.110345     0.996476
00030    13.639999     0.996438
00031    13.200000     0.996492
00032    12.787500     0.996483
00033    12.399999     0.996696
00034    12.035294     0.995242
00035    11.691429     0.995926
00036    11.366667     0.994662
00037    11.059459     0.994860
00038    10.768421     0.995402
00039    10.492308     0.994451
00040    10.230000     0.993527
00041     9.980488     0.994778
00042     9.742857     0.993994
00043     9.516279     0.993904
00044     9.300000     0.994163
00045     9.093333     0.994676
00046     8.895652     0.994349
00047     8.706383     0.992684
00048     8.525000     0.992858
00049     8.351021     0.992209
00050     8.184000     0.990837
00051     8.023529     0.990968
00052     7.869231     0.988832
00053     7.720755     0.987805
00054     7.577777     0.988477
00055     7.440000     0.985172
00056     7.307143     0.983938
00057     7.178947     0.985765
00058     7.055172     0.984855
00059     6.935593     0.982920
00060     6.820000     0.982655
00061     6.708196     0.984846
00062     6.600000     0.983230
00063     6.495238     0.982823
00064     6.393750     0.979831
00065     6.295385     0.978639
00066     6.200000     0.978181
00067     6.107462     0.976655
00068     6.017647     0.977194
00069     5.930435     0.978110
00070     5.845714     0.976832
00071     5.763380     0.976499
00072     5.683333     0.979641
00073     5.605479     0.980123
00074     5.529730     0.978330
00075     5.456000     0.977608
00076     5.384210     0.978884
00077     5.314286     0.979314
00078     5.246154     0.978811
00079     5.179747     0.978448
00080     5.115000     0.978486
00081     5.051852     0.977144
00082     4.990244     0.975559
00083     4.930120     0.976035
00084     4.871429     0.978242
00085     4.814118     0.978106
00086     4.758139     0.977426
00087     4.703448     0.976143
00088     4.650000     0.976143
00089     4.597753     0.972355
00090     4.546667     0.973167
00091     4.496703     0.972481
00092     4.447826     0.972172
00093     4.400000     0.969438
00094     4.353191     0.967438
00095     4.307368     0.963386
00096     4.262500     0.960757
00097     4.218557     0.950179
00098     4.175510     0.946522
00099     4.133333     0.944218
00100     4.092000     0.939192
00101     4.051485     0.934275
00102     4.011765     0.925851
00103     3.972816     0.911214
00104     3.934615     0.909170
00105     3.897143     0.905622
00106     3.860377     0.882294
00107     3.824299     0.879211
00108     3.788889     0.864431
00109     3.754128     0.853963
00110     3.720000     0.848607
00111     3.686486     0.835674
00112     3.653571     0.824341
00113     3.621239     0.793949
00114     3.589474     0.765205
00115     3.558261     0.776713
00116     3.527586     0.779723
00117     3.497436     0.751303
00118     3.467796     0.732767
00119     3.438655     0.692869
00120     3.410000     0.658006
00121     3.381818     0.625051
00122     3.354098     0.610047
00123     3.326829     0.557979
00124     3.300000     0.532039
00125     3.273600     0.502708
00126     3.247619     0.484622
00127     3.222047     0.470694
00128     3.196875     0.427323
00129     3.172093     0.375644
00130     3.147692     0.349066
00131     3.123664     0.315115
00132     3.100000     0.309983
00133     3.076692     0.286580
00134     3.053731     0.241612
00135     3.031111     0.206051
00136     3.008823     0.132671
00137     2.986861     0.126784
00138     2.965217     0.120378
00139     2.943885     0.147202
00140     2.922857     0.137883
00141     2.902128     0.060191
00142     2.881690     0.061927
00143     2.861539     0.038634
00144     2.841667    -0.000651
00145     2.822069     0.046915
00146     2.802740     0.019417
00147     2.783673    -0.036153
00148     2.764865     0.017153
00149     2.746309     0.036213
00150     2.728000     0.004358
00151     2.709934    -0.008455
00152     2.692105    -0.025744
00153     2.674510    -0.016394
00154     2.657143     0.002303
00155     2.640000    -0.003855
00156     2.623077     0.005353
00157     2.606369     0.004259
00158     2.589873     0.005998
00159     2.573585     0.022319
00160     2.557500     0.008169
00161     2.541615     0.002848
00162     2.525926    -0.023768
00163     2.510429     0.004159
00164     2.495122     0.007955
00165     2.480000    -0.046111
00166     2.465060    -0.006768
00167     2.450299    -0.013640
00168     2.435714    -0.029257
00169     2.421302    -0.007739
00170     2.407059    -0.000908
00171     2.392983     0.028719
00172     2.379070    -0.001346
00173     2.365318    -0.032192
00174     2.351724    -0.010089
00175     2.338286    -0.007612
00176     2.325000     0.017106
00177     2.311864    -0.003276
00178     2.298876    -0.025029
00179     2.286034    -0.029642
00180     2.273333    -0.026971
00181     2.260774     0.001207
00182     2.248352     0.017497
00183     2.236066     0.013026
00184     2.223913    -0.010048
00185     2.211892    -0.012453
00186     2.200000    -0.029569
00187     2.188235    -0.021272
00188     2.176596    -0.004449
00189     2.165079    -0.010775
00190     2.153684    -0.003459
00191     2.142408    -0.033163
00192     2.131250    -0.007134
00193     2.120207    -0.021698
00194     2.109278     0.012767
00195     2.098462     0.056758
00196     2.087755     0.019431
00197     2.077157     0.001023
00198     2.066667     0.015823
00199     2.056281     0.016829
00200     2.046000     0.007287
00201     2.035821    -0.024166
00202     2.025743    -0.011517
00203     2.015764     0.013633
00204     2.005882     0.000621
00205     1.996098    -0.005503
00206     1.986408     0.004008
00207     1.976812     0.004110
00208     1.967308    -0.004355
00209     1.957895    -0.008708
