00001   409.200000     1.000000
00002   204.600000     0.999992
00003   136.400000     0.999989
00004   102.300000     0.999969
00005    81.839997     0.999946
00006    68.200000     0.999962
00007    58.457141     0.999877
00008    51.150000     0.999803
00009    45.466668     0.999900
00010    40.919998     0.999735
00011    37.199999     0.999616
00012    34.100000     0.999778
00013    31.476924     0.999744
00014    29.228571     0.999747
00015    27.279998     0.999744
00016    25.575000     0.999227
00017    24.070587     0.999276
00018    22.733334     0.998683
00019    21.536842     0.998370
00020    20.459999     0.998584
00021    19.485714     0.998841
00022    18.600000     0.998767
00023    17.791305     0.998953
00024    17.050000     0.998263
00025    16.368000     0.998110
00026    15.738462     0.997681
00027    15.155555     0.997210
00028    14.614285     0.997415
00029    14.110345     0.996305
00030    13.639999     0.996235
00031    13.200000     0.996353
00032    12.787500     0.996519
00033    12.399999     0.996555
00034    12.035294     0.994450
00035    11.691429     0.995740
00036    11.366667     0.994732
00037    11.059459     0.994974
00038    10.768421     0.995262
00039    10.492308     0.994363
00040    10.230000     0.993151
00041     9.980488     0.994386
00042     9.742857     0.993871
00043     9.516279     0.993967
00044     9.300000     0.994323
00045     9.093333     0.994636
00046     8.895652     0.994165
00047     8.706383     0.992343
00048     8.525000     0.992449
00049     8.351021     0.992076
00050     8.184000     0.990794
00051     8.023529     0.990926
00052     7.869231     0.989305
00053     7.720755     0.987638
00054     7.577777     0.988095
00055     7.440000     0.986071
00056     7.307143     0.985609
00057     7.178947     0.986238
00058     7.055172     0.984768
00059     6.935593     0.983559
00060     6.820000     0.983247
00061     6.708196     0.985476
00062     6.600000     0.983932
00063     6.495238     0.983588
00064     6.393750     0.980575
00065     6.295385     0.978369
00066     6.200000     0.978358
00067     6.107462     0.976076
00068     6.017647     0.976848
00069     5.930435     0.977627
00070     5.845714     0.976457
00071     5.763380     0.975955
00072     5.683333     0.979405
00073     5.605479     0.980143
00074     5.529730     0.978638
00075     5.456000     0.976905
00076     5.384210     0.978840
00077     5.314286     0.980360
00078     5.246154     0.978524
00079     5.179747     0.978883
00080     5.115000     0.978342
00081     5.051852     0.976487
00082     4.990244     0.975058
00083     4.930120     0.975839
00084     4.871429     0.977267
00085     4.814118     0.977783
00086     4.758139     0.977090
00087     4.703448     0.974992
00088     4.650000     0.975398
00089     4.597753     0.970914
00090     4.546667     0.972915
00091     4.496703     0.972760
00092     4.447826     0.972394
00093     4.400000     0.970283
00094     4.353191     0.968157
00095     4.307368     0.963714
00096     4.262500     0.963177
00097     4.218557     0.952510
00098     4.175510     0.946140
00099     4.133333     0.944341
00100     4.092000     0.939663
00101     4.051485     0.934637
00102     4.011765     0.924969
00103     3.972816     0.910179
00104     3.934615     0.911654
00105     3.897143     0.905222
00106     3.860377     0.882248
00107     3.824299     0.880219
00108     3.788889     0.865103
00109     3.754128     0.853376
00110     3.720000     0.846165
00111     3.686486     0.834867
00112     3.653571     0.822063
00113     3.621239     0.789756
00114     3.589474     0.765229
00115     3.558261     0.778032
00116     3.527586     0.777509
00117     3.497436     0.749571
00118     3.467796     0.736522
00119     3.438655     0.702856
00120     3.410000     0.658461
00121     3.381818     0.628263
00122     3.354098     0.612188
00123     3.326829     0.566600
00124     3.300000     0.540771
00125     3.273600     0.513016
00126     3.247619     0.499604
00127     3.222047     0.473457
00128     3.196875     0.450626
00129     3.172093     0.388414
00130     3.147692     0.353744
00131     3.123664     0.332430
00132     3.100000     0.311608
00133     3.076692     0.286139
00134     3.053731     0.240442
00135     3.031111     0.182144
00136     3.008823     0.140115
00137     2.986861     0.148487
00138     2.965217     0.136260
00139     2.943885     0.136759
00140     2.922857     0.142957
00141     2.902128     0.068903
00142     2.881690     0.064444
00143     2.861539     0.025310
00144     2.841667     0.018295
00145     2.822069     0.045326
00146     2.802740     0.045835
00147     2.783673    -0.026415
00148     2.764865     0.025484
00149     2.746309     0.033556
00150     2.728000     0.005956
00151     2.709934     0.004892
00152     2.692105    -0.003380
00153     2.674510    -0.001979
00154     2.657143     0.015361
00155     2.640000     0.001987
00156     2.623077    -0.001109
00157     2.606369     0.009890
00158     2.589873    -0.009221
00159     2.573585     0.020907
00160     2.557500     0.015405
00161     2.541615     0.012816
00162     2.525926    -0.015409
00163     2.510429     0.007487
00164     2.495122    -0.000134
00165     2.480000    -0.036433
00166     2.465060    -0.018610
00167     2.450299    -0.010790
00168     2.435714    -0.017291
00169     2.421302    -0.013617
00170     2.407059     0.006214
00171     2.392983     0.029413
00172     2.379070     0.018075
00173     2.365318    -0.034951
00174     2.351724    -0.006943
00175     2.338286     0.000245
00176     2.325000    -0.000516
00177     2.311864     0.000210
00178     2.298876    -0.009874
00179     2.286034    -0.022158
00180     2.273333    -0.008384
00181     2.260774    -0.015678
00182     2.248352     0.016327
00183     2.236066    -0.002963
00184     2.223913     0.001122
00185     2.211892    -0.009367
00186     2.200000    -0.004593
00187     2.188235    -0.002156
00188     2.176596    -0.011426
00189     2.165079    -0.010877
00190     2.153684    -0.008198
00191     2.142408    -0.020882
00192     2.131250    -0.006888
00193     2.120207    -0.032092
00194     2.109278    -0.007587
00195     2.098462     0.022912
00196     2.087755     0.015071
00197     2.077157     0.019667
00198     2.066667     0.017983
00199     2.056281    -0.007551
00200     2.046000    -0.003132
00201     2.035821    -0.024215
00202     2.025743    -0.006798
00203     2.015764     0.024654
00204     2.005882     0.001495
00205     1.996098    -0.009212
00206     1.986408     0.001082
00207     1.976812     0.000785
00208     1.967308     0.012565
00209     1.957895    -0.005311
