00001   409.200000     1.000000
00002   204.600000     0.999993
00003   136.400000     0.999990
00004   102.300000     0.999977
00005    81.839997     0.999968
00006    68.200000     0.999959
00007    58.457141     0.999883
00008    51.150000     0.999801
00009    45.466668     0.999895
00010    40.919998     0.999776
00011    37.199999     0.999687
00012    34.100000     0.999815
00013    31.476924     0.999766
00014    29.228571     0.999715
00015    27.279998     0.999651
00016    25.575000     0.999113
00017    24.070587     0.999172
00018    22.733334     0.998784
00019    21.536842     0.998332
00020    20.459999     0.998366
00021    19.485714     0.998854
00022    18.600000     0.998838
00023    17.791305     0.998952
00024    17.050000     0.998296
00025    16.368000     0.998008
00026    15.738462     0.997497
00027    15.155555     0.997083
00028    14.614285     0.997394
00029    14.110345     0.996447
00030    13.639999     0.996657
00031    13.200000     0.996370
00032    12.787500     0.996413
00033    12.399999     0.996722
00034    12.035294     0.994817
00035    11.691429     0.995905
00036    11.366667     0.994570
00037    11.059459     0.994893
00038    10.768421     0.994906
00039    10.492308     0.994273
00040    10.230000     0.993114
00041     9.980488     0.994546
00042     9.742857     0.994150
00043     9.516279     0.993735
00044     9.300000     0.994488
00045     9.093333     0.994332
00046     8.895652     0.993917
00047     8.706383     0.991658
00048     8.525000     0.992178
00049     8.351021     0.992245
00050     8.184000     0.991278
00051     8.023529     0.990918
00052     7.869231     0.988208
00053     7.720755     0.986620
00054     7.577777     0.987556
00055     7.440000     0.984364
00056     7.307143     0.983776
00057     7.178947     0.984715
00058     7.055172     0.984014
00059     6.935593     0.982151
00060     6.820000     0.981197
00061     6.708196     0.983219
00062     6.600000     0.980614
00063     6.495238     0.982071
00064     6.393750     0.978951
00065     6.295385     0.975504
00066     6.200000     0.975482
00067     6.107462     0.972642
00068     6.017647     0.972973
00069     5.930435     0.974395
00070     5.845714     0.972868
00071     5.763380     0.971280
00072     5.683333     0.974148
00073     5.605479     0.975374
00074     5.529730     0.972447
00075     5.456000     0.969986
00076     5.384210     0.972559
00077     5.314286     0.972343
00078     5.246154     0.972006
00079     5.179747     0.972425
00080     5.115000     0.973457
00081     5.051852     0.971834
00082     4.990244     0.966797
00083     4.930120     0.966975
00084     4.871429     0.969581
00085     4.814118     0.971243
00086     4.758139     0.969676
00087     4.703448     0.967943
00088     4.650000     0.967038
00089     4.597753     0.961928
00090     4.546667     0.961427
00091     4.496703     0.959329
00092     4.447826     0.955827
00093     4.400000     0.945695
00094     4.353191     0.940759
00095     4.307368     0.931597
00096     4.262500     0.933385
00097     4.218557     0.920838
00098     4.175510     0.908849
00099     4.133333     0.892499
00100     4.092000     0.886680
00101     4.051485     0.885133
00102     4.011765     0.874527
00103     3.972816     0.841000
00104     3.934615     0.848602
00105     3.897143     0.836981
00106     3.860377     0.796482
00107     3.824299     0.767737
00108     3.788889     0.752174
00109     3.754128     0.743541
00110     3.720000     0.724235
00111     3.686486     0.681094
00112     3.653571     0.663591
00113     3.621239     0.618427
00114     3.589474     0.574407
00115     3.558261     0.582064
00116     3.527586     0.586932
00117     3.497436     0.574189
00118     3.467796     0.512045
00119     3.438655     0.472765
00120     3.410000     0.423652
00121     3.381818     0.352477
00122     3.354098     0.348108
00123     3.326829     0.298949
00124     3.300000     0.239024
00125     3.273600     0.240032
00126     3.247619     0.244299
00127     3.222047     0.170468
00128     3.196875     0.129384
00129     3.172093     0.139057
00130     3.147692     0.136490
00131     3.123664     0.080044
00132     3.100000     0.048891
00133     3.076692     0.089427
00134     3.053731     0.099180
00135     3.031111     0.043008
00136     3.008823     0.030763
00137     2.986861     0.052745
00138     2.965217     0.018781
00139     2.943885     0.017069
00140     2.922857     0.044071
00141     2.902128     0.010152
00142     2.881690     0.037829
00143     2.861539     0.014760
00144     2.841667    -0.016021
00145     2.822069    -0.013878
00146     2.802740     0.013134
00147     2.783673    -0.021587
00148     2.764865     0.015083
00149     2.746309     0.017353
00150     2.728000    -0.015433
00151     2.709934    -0.012610
00152     2.692105     0.000436
00153     2.674510     0.042987
00154     2.657143     0.020183
00155     2.640000     0.006526
00156     2.623077     0.033535
00157     2.606369     0.007328
00158     2.589873    -0.019841
00159     2.573585    -0.020316
00160     2.557500    -0.019511
00161     2.541615    -0.012454
00162     2.525926    -0.027423
00163     2.510429     0.037573
00164     2.495122     0.042770
00165     2.480000     0.003143
00166     2.465060     0.001880
00167     2.450299    -0.011268
00168     2.435714     0.025371
00169     2.421302    -0.004417
00170     2.407059    -0.029799
00171     2.392983    -0.011842
00172     2.379070    -0.002567
00173     2.365318     0.006567
00174     2.351724     0.013527
00175     2.338286    -0.022384
00176     2.325000     0.000059
00177     2.311864     0.021927
00178     2.298876     0.020918
00179     2.286034     0.008197
00180     2.273333     0.023166
00181     2.260774     0.026312
00182     2.248352    -0.003232
00183     2.236066    -0.013282
00184     2.223913    -0.016825
00185     2.211892    -0.029074
00186     2.200000    -0.027644
00187     2.188235    -0.009398
00188     2.176596    -0.003539
00189     2.165079    -0.022557
00190     2.153684    -0.007988
00191     2.142408     0.003585
00192     2.131250     0.031545
00193     2.120207    -0.000698
00194     2.109278     0.003126
00195     2.098462     0.017680
00196     2.087755    -0.004353
00197     2.077157    -0.003460
00198     2.066667     0.023908
00199     2.056281     0.030522
00200     2.046000    -0.027192
00201     2.035821    -0.006255
00202     2.025743    -0.009519
