00001   409.200000     1.000000
00002   204.600000     0.999997
00003   136.400000     0.999996
00004   102.300000     0.999986
00005    81.839997     0.999958
00006    68.200000     0.999968
00007    58.457141     0.999888
00008    51.150000     0.999820
00009    45.466668     0.999924
00010    40.919998     0.999782
00011    37.199999     0.999742
00012    34.100000     0.999860
00013    31.476924     0.999750
00014    29.228571     0.999809
00015    27.279998     0.999770
00016    25.575000     0.999182
00017    24.070587     0.999321
00018    22.733334     0.999108
00019    21.536842     0.998697
00020    20.459999     0.998841
00021    19.485714     0.998852
00022    18.600000     0.999216
00023    17.791305     0.999013
00024    17.050000     0.997783
00025    16.368000     0.997061
00026    15.738462     0.996846
00027    15.155555     0.995140
00028    14.614285     0.995987
00029    14.110345     0.994696
00030    13.639999     0.994754
00031    13.200000     0.994382
00032    12.787500     0.994310
00033    12.399999     0.993970
00034    12.035294     0.992140
00035    11.691429     0.993755
00036    11.366667     0.992195
00037    11.059459     0.991523
00038    10.768421     0.992131
00039    10.492308     0.991622
00040    10.230000     0.988213
00041     9.980488     0.989138
00042     9.742857     0.989665
00043     9.516279     0.987777
00044     9.300000     0.987535
00045     9.093333     0.987537
00046     8.895652     0.984873
00047     8.706383     0.981843
00048     8.525000     0.983172
00049     8.351021     0.983903
00050     8.184000     0.977383
00051     8.023529     0.980486
00052     7.869231     0.976583
00053     7.720755     0.966375
00054     7.577777     0.969246
00055     7.440000     0.959171
00056     7.307143     0.955399
00057     7.178947     0.956988
00058     7.055172     0.956844
00059     6.935593     0.955194
00060     6.820000     0.937331
00061     6.708196     0.949821
00062     6.600000     0.943478
00063     6.495238     0.944773
00064     6.393750     0.921010
00065     6.295385     0.918487
00066     6.200000     0.908014
00067     6.107462     0.899725
00068     6.017647     0.891928
00069     5.930435     0.895947
00070     5.845714     0.886070
00071     5.763380     0.876514
00072     5.683333     0.893064
00073     5.605479     0.881005
00074     5.529730     0.861536
00075     5.456000     0.864774
00076     5.384210     0.866788
00077     5.314286     0.861525
00078     5.246154     0.845211
00079     5.179747     0.818517
00080     5.115000     0.844934
00081     5.051852     0.814474
00082     4.990244     0.820059
00083     4.930120     0.768222
00084     4.871429     0.813809
00085     4.814118     0.778984
00086     4.758139     0.794007
00087     4.703448     0.774385
00088     4.650000     0.737055
00089     4.597753     0.723941
00090     4.546667     0.738639
00091     4.496703     0.676878
00092     4.447826     0.634364
00093     4.400000     0.618191
00094     4.353191     0.602720
00095     4.307368     0.542769
00096     4.262500     0.362099
