00001   409.200000     0.999996
00002   204.600000     0.999989
00003   136.400000     0.999997
00004   102.300000     0.999969
00005    81.839997     0.999975
00006    68.200000     0.999898
00007    58.457141     0.999918
00008    51.150000     0.999135
00009    45.466668     0.999468
00010    40.919998     0.998039
00011    37.199999     0.995684
00012    34.100000     0.990544
00013    31.476924     0.988225
00014    29.228571     0.993742
00015    27.279998     0.997308
00016    25.575000     0.972212
00017    24.070587     0.994541
00018    22.733334     0.982292
00019    21.536842     0.992524
00020    20.459999     0.971959
00021    19.485714     0.972633
00022    18.600000     0.950287
00023    17.791305     0.951420
00024    17.050000     0.928421
00025    16.368000     0.951639
00026    15.738462     0.960988
00027    15.155555     0.932542
00028    14.614285     0.860941
00029    14.110345     0.714339
00030    13.639999     0.715387
00031    13.200000     0.771293
00032    12.787500     0.497353
00033    12.399999     0.340020
00034    12.035294     0.423162
00035    11.691429     0.650487
00036    11.366667     0.552275
00037    11.059459     0.580415
00038    10.768421     0.479582
00039    10.492308     0.137667
00040    10.230000     0.397981
00041     9.980488     0.163099
00042     9.742857     0.093150
00043     9.516279    -0.038918
00044     9.300000    -0.085666
00045     9.093333    -0.079519
00046     8.895652     0.092278
00047     8.706383     0.065724
00048     8.525000     0.002729
00049     8.351021    -0.083837
00050     8.184000    -0.084564
00051     8.023529    -0.131001
00052     7.869231    -0.053832
00053     7.720755    -0.062670
00054     7.577777    -0.008478
00055     7.440000    -0.067559
00056     7.307143     0.004447
00057     7.178947    -0.024675
00058     7.055172    -0.055210
00059     6.935593    -0.069481
00060     6.820000    -0.027510
00061     6.708196    -0.031851
00062     6.600000     0.042216
00063     6.495238     0.012750
00064     6.393750    -0.064805
00065     6.295385    -0.068165
00066     6.200000    -0.036672
00067     6.107462     0.065532
00068     6.017647     0.013389
00069     5.930435    -0.046029
00070     5.845714    -0.023273
00071     5.763380    -0.030155
00072     5.683333     0.025018
00073     5.605479     0.036224
00074     5.529730    -0.016535
00075     5.456000     0.000511
00076     5.384210     0.035057
00077     5.314286    -0.008571
00078     5.246154     0.037425
00079     5.179747     0.035318
00080     5.115000    -0.035414
