00001   409.200000     1.000000
00002   204.600000     0.999990
00003   136.400000     0.999989
00004   102.300000     0.999975
00005    81.839997     0.999958
00006    68.200000     0.999965
00007    58.457141     0.999872
00008    51.150000     0.999761
00009    45.466668     0.999909
00010    40.919998     0.999789
00011    37.199999     0.999656
00012    34.100000     0.999833
00013    31.476924     0.999790
00014    29.228571     0.999761
00015    27.279998     0.999702
00016    25.575000     0.999381
00017    24.070587     0.999372
00018    22.733334     0.998761
00019    21.536842     0.998653
00020    20.459999     0.998738
00021    19.485714     0.999104
00022    18.600000     0.999212
00023    17.791305     0.999168
00024    17.050000     0.998551
00025    16.368000     0.998114
00026    15.738462     0.997894
00027    15.155555     0.997586
00028    14.614285     0.997834
00029    14.110345     0.996624
00030    13.639999     0.997162
00031    13.200000     0.997183
00032    12.787500     0.997220
00033    12.399999     0.997156
00034    12.035294     0.996016
00035    11.691429     0.996787
00036    11.366667     0.996144
00037    11.059459     0.996220
00038    10.768421     0.996319
00039    10.492308     0.994847
00040    10.230000     0.992505
00041     9.980488     0.993395
00042     9.742857     0.992993
00043     9.516279     0.992286
00044     9.300000     0.992721
00045     9.093333     0.992678
00046     8.895652     0.992839
00047     8.706383     0.990075
00048     8.525000     0.989645
00049     8.351021     0.990113
00050     8.184000     0.987828
00051     8.023529     0.987430
00052     7.869231     0.985318
00053     7.720755     0.983643
00054     7.577777     0.983588
00055     7.440000     0.980290
00056     7.307143     0.979975
00057     7.178947     0.980370
00058     7.055172     0.978770
00059     6.935593     0.974149
00060     6.820000     0.970060
00061     6.708196     0.974709
00062     6.600000     0.970939
00063     6.495238     0.972299
00064     6.393750     0.966232
00065     6.295385     0.962878
00066     6.200000     0.962113
00067     6.107462     0.962108
00068     6.017647     0.959385
00069     5.930435     0.960342
00070     5.845714     0.957723
00071     5.763380     0.952915
00072     5.683333     0.959540
00073     5.605479     0.955519
00074     5.529730     0.948140
00075     5.456000     0.944761
00076     5.384210     0.942682
00077     5.314286     0.951641
00078     5.246154     0.949178
00079     5.179747     0.945159
00080     5.115000     0.950296
00081     5.051852     0.942144
00082     4.990244     0.932320
00083     4.930120     0.923028
00084     4.871429     0.939055
00085     4.814118     0.934426
00086     4.758139     0.933548
00087     4.703448     0.922166
00088     4.650000     0.916840
00089     4.597753     0.906496
00090     4.546667     0.905038
00091     4.496703     0.895603
00092     4.447826     0.886297
00093     4.400000     0.873991
00094     4.353191     0.877626
00095     4.307368     0.841879
00096     4.262500     0.846149
00097     4.218557     0.796552
00098     4.175510     0.781730
00099     4.133333     0.735531
00100     4.092000     0.726769
00101     4.051485     0.715436
00102     4.011765     0.680150
00103     3.972816     0.599957
00104     3.934615     0.586625
00105     3.897143     0.560521
00106     3.860377     0.518402
00107     3.824299     0.507549
00108     3.788889     0.391175
00109     3.754128     0.437435
00110     3.720000     0.420572
00111     3.686486     0.303084
