00001   409.200000     1.000000
00002   204.600000     0.999993
00003   136.400000     0.999995
00004   102.300000     0.999986
00005    81.839997     0.999967
00006    68.200000     0.999951
00007    58.457141     0.999918
00008    51.150000     0.999874
00009    45.466668     0.999783
00010    40.919998     0.999401
00011    37.199999     0.999007
00012    34.100000     0.999468
00013    31.476924     0.997590
00014    29.228571     0.998315
00015    27.279998     0.998544
00016    25.575000     0.996841
00017    24.070587     0.998392
00018    22.733334     0.995383
00019    21.536842     0.996327
00020    20.459999     0.995729
00021    19.485714     0.993818
00022    18.600000     0.986610
00023    17.791305     0.977261
00024    17.050000     0.984629
00025    16.368000     0.989528
00026    15.738462     0.984106
00027    15.155555     0.974714
00028    14.614285     0.968411
00029    14.110345     0.946113
00030    13.639999     0.921593
00031    13.200000     0.931444
00032    12.787500     0.872586
00033    12.399999     0.892668
00034    12.035294     0.888336
00035    11.691429     0.876030
00036    11.366667     0.844349
00037    11.059459     0.879670
00038    10.768421     0.871218
00039    10.492308     0.830832
00040    10.230000     0.817167
00041     9.980488     0.786212
00042     9.742857     0.770118
00043     9.516279     0.743486
00044     9.300000     0.698506
00045     9.093333     0.574181
00046     8.895652     0.484616
00047     8.706383     0.427396
00048     8.525000     0.413432
00049     8.351021     0.305980
00050     8.184000     0.322271
00051     8.023529     0.296532
00052     7.869231     0.048318
00053     7.720755     0.120662
00054     7.577777     0.320623
00055     7.440000     0.260148
00056     7.307143     0.289064
00057     7.178947     0.200350
00058     7.055172     0.111903
00059     6.935593     0.090472
00060     6.820000     0.094083
00061     6.708196     0.056394
00062     6.600000     0.072627
00063     6.495238     0.145832
00064     6.393750     0.024794
00065     6.295385     0.114914
00066     6.200000     0.034527
00067     6.107462     0.071691
00068     6.017647     0.027801
00069     5.930435     0.053769
00070     5.845714    -0.000719
00071     5.763380    -0.070381
00072     5.683333    -0.103907
00073     5.605479    -0.044141
00074     5.529730     0.028326
00075     5.456000    -0.047330
00076     5.384210    -0.036232
00077     5.314286     0.104068
00078     5.246154     0.094963
00079     5.179747    -0.009948
00080     5.115000    -0.012776
00081     5.051852    -0.047008
00082     4.990244    -0.004821
00083     4.930120    -0.016126
00084     4.871429     0.013000
00085     4.814118     0.002332
00086     4.758139    -0.004467
00087     4.703448    -0.028032
00088     4.650000     0.060115
00089     4.597753    -0.015744
00090     4.546667     0.010922
00091     4.496703     0.020345
00092     4.447826     0.009684
00093     4.400000     0.011967
00094     4.353191     0.001413
00095     4.307368     0.016442
00096     4.262500     0.017424
