00001   409.200000     1.000000
00002   204.600000     0.999994
00003   136.400000     0.999992
00004   102.300000     0.999983
00005    81.839997     0.999963
00006    68.200000     0.999960
00007    58.457141     0.999870
00008    51.150000     0.999765
00009    45.466668     0.999915
00010    40.919998     0.999784
00011    37.199999     0.999659
00012    34.100000     0.999821
00013    31.476924     0.999796
00014    29.228571     0.999767
00015    27.279998     0.999762
00016    25.575000     0.999340
00017    24.070587     0.999336
00018    22.733334     0.998770
00019    21.536842     0.998568
00020    20.459999     0.998534
00021    19.485714     0.999084
00022    18.600000     0.999272
00023    17.791305     0.999146
00024    17.050000     0.998475
00025    16.368000     0.997847
00026    15.738462     0.997803
00027    15.155555     0.997745
00028    14.614285     0.997886
00029    14.110345     0.996902
00030    13.639999     0.996887
00031    13.200000     0.996893
00032    12.787500     0.997098
00033    12.399999     0.997163
00034    12.035294     0.995801
00035    11.691429     0.996667
00036    11.366667     0.995771
00037    11.059459     0.996092
00038    10.768421     0.995842
00039    10.492308     0.994131
00040    10.230000     0.992091
00041     9.980488     0.992931
00042     9.742857     0.993433
00043     9.516279     0.992405
00044     9.300000     0.993180
00045     9.093333     0.992766
00046     8.895652     0.992464
00047     8.706383     0.988237
00048     8.525000     0.991141
00049     8.351021     0.990591
00050     8.184000     0.985470
00051     8.023529     0.986926
00052     7.869231     0.985141
00053     7.720755     0.981459
00054     7.577777     0.981211
00055     7.440000     0.980612
00056     7.307143     0.980209
00057     7.178947     0.981754
00058     7.055172     0.978467
00059     6.935593     0.974873
00060     6.820000     0.972313
00061     6.708196     0.974426
00062     6.600000     0.970377
00063     6.495238     0.971817
00064     6.393750     0.967504
00065     6.295385     0.961439
00066     6.200000     0.961458
00067     6.107462     0.962675
00068     6.017647     0.957291
00069     5.930435     0.960073
00070     5.845714     0.956220
00071     5.763380     0.947983
00072     5.683333     0.957282
00073     5.605479     0.955093
00074     5.529730     0.947536
00075     5.456000     0.944901
00076     5.384210     0.943485
00077     5.314286     0.951497
00078     5.246154     0.951099
00079     5.179747     0.942762
00080     5.115000     0.949878
00081     5.051852     0.943067
00082     4.990244     0.937078
00083     4.930120     0.923285
00084     4.871429     0.938750
00085     4.814118     0.933433
00086     4.758139     0.933869
00087     4.703448     0.921755
00088     4.650000     0.914030
00089     4.597753     0.904300
00090     4.546667     0.909866
00091     4.496703     0.899168
00092     4.447826     0.889835
00093     4.400000     0.877577
00094     4.353191     0.878941
00095     4.307368     0.845603
00096     4.262500     0.846972
00097     4.218557     0.787086
00098     4.175510     0.766789
00099     4.133333     0.726899
00100     4.092000     0.729769
00101     4.051485     0.715773
00102     4.011765     0.679536
00103     3.972816     0.617370
00104     3.934615     0.601065
00105     3.897143     0.547279
00106     3.860377     0.470419
00107     3.824299     0.488708
00108     3.788889     0.406386
00109     3.754128     0.435755
00110     3.720000     0.411988
00111     3.686486     0.288939
