00001   409.200000     1.000000
00002   204.600000     0.999991
00003   136.400000     0.999990
00004   102.300000     0.999978
00005    81.839997     0.999961
00006    68.200000     0.999972
00007    58.457141     0.999895
00008    51.150000     0.999814
00009    45.466668     0.999883
00010    40.919998     0.999755
00011    37.199999     0.999664
00012    34.100000     0.999843
00013    31.476924     0.999769
00014    29.228571     0.999740
00015    27.279998     0.999697
00016    25.575000     0.999224
00017    24.070587     0.999228
00018    22.733334     0.998741
00019    21.536842     0.998626
00020    20.459999     0.998477
00021    19.485714     0.998884
00022    18.600000     0.999032
00023    17.791305     0.999034
00024    17.050000     0.998444
00025    16.368000     0.998100
00026    15.738462     0.997841
00027    15.155555     0.997405
00028    14.614285     0.997634
00029    14.110345     0.996539
00030    13.639999     0.996906
00031    13.200000     0.996905
00032    12.787500     0.997029
00033    12.399999     0.996962
00034    12.035294     0.995277
00035    11.691429     0.996709
00036    11.366667     0.995638
00037    11.059459     0.996039
00038    10.768421     0.996066
00039    10.492308     0.994974
00040    10.230000     0.993858
00041     9.980488     0.995062
00042     9.742857     0.994803
00043     9.516279     0.994756
00044     9.300000     0.995351
00045     9.093333     0.995544
00046     8.895652     0.994725
00047     8.706383     0.993067
00048     8.525000     0.992795
00049     8.351021     0.992627
00050     8.184000     0.991942
00051     8.023529     0.991936
00052     7.869231     0.989912
00053     7.720755     0.988337
00054     7.577777     0.988460
00055     7.440000     0.985391
00056     7.307143     0.985469
00057     7.178947     0.986286
00058     7.055172     0.984853
00059     6.935593     0.980996
00060     6.820000     0.977446
00061     6.708196     0.980520
00062     6.600000     0.977891
00063     6.495238     0.978007
00064     6.393750     0.975182
00065     6.295385     0.971934
00066     6.200000     0.969573
00067     6.107462     0.967872
00068     6.017647     0.967510
00069     5.930435     0.970727
00070     5.845714     0.967048
00071     5.763380     0.965414
00072     5.683333     0.970346
00073     5.605479     0.968820
00074     5.529730     0.964695
00075     5.456000     0.961593
00076     5.384210     0.962180
00077     5.314286     0.964442
00078     5.246154     0.962305
00079     5.179747     0.961617
00080     5.115000     0.966835
00081     5.051852     0.960608
00082     4.990244     0.954144
00083     4.930120     0.948198
00084     4.871429     0.956318
00085     4.814118     0.956638
00086     4.758139     0.954338
00087     4.703448     0.952556
00088     4.650000     0.946612
00089     4.597753     0.938204
00090     4.546667     0.939414
00091     4.496703     0.934952
00092     4.447826     0.931274
00093     4.400000     0.919508
00094     4.353191     0.920125
00095     4.307368     0.905005
00096     4.262500     0.900613
00097     4.218557     0.871499
00098     4.175510     0.858553
00099     4.133333     0.840951
00100     4.092000     0.835973
00101     4.051485     0.835734
00102     4.011765     0.809237
00103     3.972816     0.757670
00104     3.934615     0.748978
00105     3.897143     0.713109
00106     3.860377     0.674045
00107     3.824299     0.644389
00108     3.788889     0.598519
00109     3.754128     0.609268
00110     3.720000     0.576798
00111     3.686486     0.493686
00112     3.653571     0.465455
00113     3.621239     0.441060
00114     3.589474     0.393664
00115     3.558261     0.363060
00116     3.527586     0.354645
00117     3.497436     0.325153
00118     3.467796     0.294901
00119     3.438655     0.244412
00120     3.410000     0.230263
00121     3.381818     0.168699
00122     3.354098     0.145769
00123     3.326829     0.128000
00124     3.300000     0.059510
00125     3.273600     0.036865
00126     3.247619     0.094774
00127     3.222047     0.054091
00128     3.196875     0.054112
00129     3.172093    -0.010959
00130     3.147692    -0.010188
00131     3.123664     0.028889
