00001   409.200000     0.999999
00002   204.600000     0.999996
00003   136.400000     0.999994
00004   102.300000     0.999986
00005    81.839997     0.999972
00006    68.200000     0.999964
00007    58.457141     0.999903
00008    51.150000     0.999479
00009    45.466668     0.999751
00010    40.919998     0.997949
00011    37.199999     0.995360
00012    34.100000     0.993378
00013    31.476924     0.991080
00014    29.228571     0.993020
00015    27.279998     0.994169
00016    25.575000     0.983644
00017    24.070587     0.994376
00018    22.733334     0.978371
00019    21.536842     0.987941
00020    20.459999     0.976079
00021    19.485714     0.974204
00022    18.600000     0.961382
00023    17.791305     0.948548
00024    17.050000     0.937289
00025    16.368000     0.962150
00026    15.738462     0.963271
00027    15.155555     0.935170
00028    14.614285     0.846062
00029    14.110345     0.690121
00030    13.639999     0.575761
00031    13.200000     0.576445
00032    12.787500     0.329988
00033    12.399999     0.155379
00034    12.035294     0.384203
00035    11.691429     0.498931
00036    11.366667     0.418278
00037    11.059459     0.493615
00038    10.768421     0.274124
00039    10.492308     0.141574
00040    10.230000     0.264628
00041     9.980488     0.197239
00042     9.742857     0.167977
00043     9.516279     0.122149
00044     9.300000    -0.012509
00045     9.093333    -0.021041
00046     8.895652     0.153926
00047     8.706383     0.102459
00048     8.525000     0.004894
00049     8.351021     0.104987
00050     8.184000    -0.051353
00051     8.023529    -0.053993
00052     7.869231    -0.005406
00053     7.720755    -0.055422
00054     7.577777    -0.079642
00055     7.440000    -0.108956
00056     7.307143    -0.001141
00057     7.178947     0.029302
00058     7.055172     0.029099
00059     6.935593     0.030955
00060     6.820000     0.001030
00061     6.708196     0.041739
00062     6.600000     0.062377
00063     6.495238    -0.039106
00064     6.393750    -0.072037
00065     6.295385     0.026630
00066     6.200000     0.090619
00067     6.107462    -0.001249
00068     6.017647    -0.041439
00069     5.930435     0.062941
00070     5.845714    -0.020473
00071     5.763380    -0.035135
00072     5.683333     0.043931
00073     5.605479    -0.009028
00074     5.529730     0.005016
00075     5.456000    -0.023004
00076     5.384210     0.000838
00077     5.314286    -0.028355
00078     5.246154    -0.027189
00079     5.179747    -0.015204
00080     5.115000     0.009330
