00001   409.200000     1.000000
00002   204.600000     0.999989
00003   136.400000     0.999991
00004   102.300000     0.999980
00005    81.839997     0.999958
00006    68.200000     0.999969
00007    58.457141     0.999906
00008    51.150000     0.999846
00009    45.466668     0.999878
00010    40.919998     0.999756
00011    37.199999     0.999636
00012    34.100000     0.999771
00013    31.476924     0.999723
00014    29.228571     0.999696
00015    27.279998     0.999670
00016    25.575000     0.999252
00017    24.070587     0.999236
00018    22.733334     0.998712
00019    21.536842     0.998308
00020    20.459999     0.998328
00021    19.485714     0.998764
00022    18.600000     0.998846
00023    17.791305     0.998917
00024    17.050000     0.998414
00025    16.368000     0.998013
00026    15.738462     0.997393
00027    15.155555     0.997336
00028    14.614285     0.997386
00029    14.110345     0.996525
00030    13.639999     0.996231
00031    13.200000     0.996357
00032    12.787500     0.996538
00033    12.399999     0.996817
00034    12.035294     0.994962
00035    11.691429     0.996013
00036    11.366667     0.994858
00037    11.059459     0.994893
00038    10.768421     0.994867
00039    10.492308     0.994218
00040    10.230000     0.993321
00041     9.980488     0.994696
00042     9.742857     0.994168
00043     9.516279     0.994071
00044     9.300000     0.994361
00045     9.093333     0.994609
00046     8.895652     0.994229
00047     8.706383     0.992360
00048     8.525000     0.992427
00049     8.351021     0.992697
00050     8.184000     0.991413
00051     8.023529     0.991023
00052     7.869231     0.989478
00053     7.720755     0.987820
00054     7.577777     0.988292
00055     7.440000     0.985254
00056     7.307143     0.984838
00057     7.178947     0.986642
00058     7.055172     0.985606
00059     6.935593     0.983484
00060     6.820000     0.983630
00061     6.708196     0.984863
00062     6.600000     0.983621
00063     6.495238     0.983461
00064     6.393750     0.980255
00065     6.295385     0.977371
00066     6.200000     0.977108
00067     6.107462     0.975806
00068     6.017647     0.977555
00069     5.930435     0.978310
00070     5.845714     0.977797
00071     5.763380     0.976434
00072     5.683333     0.979404
00073     5.605479     0.980067
00074     5.529730     0.977705
00075     5.456000     0.976814
00076     5.384210     0.978516
00077     5.314286     0.979237
00078     5.246154     0.978442
00079     5.179747     0.978227
00080     5.115000     0.979260
00081     5.051852     0.976379
00082     4.990244     0.974204
00083     4.930120     0.974830
00084     4.871429     0.977708
00085     4.814118     0.977944
00086     4.758139     0.977584
00087     4.703448     0.975851
00088     4.650000     0.976130
00089     4.597753     0.971801
00090     4.546667     0.972518
00091     4.496703     0.971414
00092     4.447826     0.969526
00093     4.400000     0.965346
00094     4.353191     0.962907
00095     4.307368     0.956964
00096     4.262500     0.957776
00097     4.218557     0.949311
00098     4.175510     0.946235
00099     4.133333     0.942665
00100     4.092000     0.939115
00101     4.051485     0.934642
00102     4.011765     0.925485
00103     3.972816     0.909349
00104     3.934615     0.907583
00105     3.897143     0.900280
00106     3.860377     0.877855
00107     3.824299     0.873464
00108     3.788889     0.864697
00109     3.754128     0.850628
00110     3.720000     0.842319
00111     3.686486     0.832293
00112     3.653571     0.823799
00113     3.621239     0.789203
00114     3.589474     0.755905
00115     3.558261     0.767395
00116     3.527586     0.774713
00117     3.497436     0.749263
00118     3.467796     0.724788
00119     3.438655     0.691924
00120     3.410000     0.656707
00121     3.381818     0.616496
00122     3.354098     0.591621
00123     3.326829     0.535332
00124     3.300000     0.519723
00125     3.273600     0.493418
00126     3.247619     0.476312
00127     3.222047     0.454317
00128     3.196875     0.417137
00129     3.172093     0.361504
00130     3.147692     0.318049
00131     3.123664     0.310497
00132     3.100000     0.280820
00133     3.076692     0.249230
00134     3.053731     0.217626
00135     3.031111     0.177475
00136     3.008823     0.149098
00137     2.986861     0.134340
00138     2.965217     0.121556
00139     2.943885     0.119941
00140     2.922857     0.125572
00141     2.902128     0.068450
00142     2.881690     0.056836
00143     2.861539     0.033383
00144     2.841667     0.025525
00145     2.822069     0.022839
00146     2.802740     0.011796
00147     2.783673    -0.020426
00148     2.764865     0.014748
00149     2.746309     0.022488
00150     2.728000     0.003950
00151     2.709934    -0.009383
00152     2.692105    -0.019666
00153     2.674510    -0.021713
00154     2.657143     0.014570
00155     2.640000     0.001427
00156     2.623077     0.003521
00157     2.606369     0.019495
00158     2.589873     0.001157
00159     2.573585     0.022614
00160     2.557500     0.010256
00161     2.541615    -0.003449
00162     2.525926    -0.025446
00163     2.510429     0.017993
00164     2.495122     0.000852
00165     2.480000    -0.050668
00166     2.465060    -0.018727
00167     2.450299     0.004126
00168     2.435714     0.003438
00169     2.421302    -0.013679
00170     2.407059     0.009564
00171     2.392983     0.030981
00172     2.379070     0.007677
00173     2.365318    -0.030973
00174     2.351724     0.003084
00175     2.338286    -0.006893
00176     2.325000    -0.000658
00177     2.311864    -0.008042
00178     2.298876    -0.006963
00179     2.286034    -0.031173
00180     2.273333    -0.014364
00181     2.260774     0.008204
00182     2.248352     0.019409
00183     2.236066     0.018590
00184     2.223913    -0.004073
00185     2.211892    -0.012559
00186     2.200000    -0.014385
00187     2.188235     0.002136
00188     2.176596    -0.023911
00189     2.165079    -0.019220
00190     2.153684    -0.016520
00191     2.142408    -0.030877
00192     2.131250    -0.020533
00193     2.120207    -0.014902
00194     2.109278     0.002962
00195     2.098462     0.037613
00196     2.087755     0.021207
00197     2.077157    -0.020342
00198     2.066667     0.017081
00199     2.056281     0.018749
00200     2.046000     0.005845
00201     2.035821    -0.017781
00202     2.025743    -0.011011
