00001   409.200000     1.000000
00002   204.600000     0.999991
00003   136.400000     0.999990
00004   102.300000     0.999976
00005    81.839997     0.999964
00006    68.200000     0.999965
00007    58.457141     0.999902
00008    51.150000     0.999804
00009    45.466668     0.999926
00010    40.919998     0.999801
00011    37.199999     0.999682
00012    34.100000     0.999795
00013    31.476924     0.999723
00014    29.228571     0.999725
00015    27.279998     0.999663
00016    25.575000     0.999202
00017    24.070587     0.999238
00018    22.733334     0.998785
00019    21.536842     0.998556
00020    20.459999     0.998499
00021    19.485714     0.998914
00022    18.600000     0.998947
00023    17.791305     0.998957
00024    17.050000     0.998255
00025    16.368000     0.998010
00026    15.738462     0.997339
00027    15.155555     0.996733
00028    14.614285     0.997557
00029    14.110345     0.996527
00030    13.639999     0.996350
00031    13.200000     0.996417
00032    12.787500     0.996319
00033    12.399999     0.996402
00034    12.035294     0.995113
00035    11.691429     0.996035
00036    11.366667     0.994507
00037    11.059459     0.995038
00038    10.768421     0.995213
00039    10.492308     0.994244
00040    10.230000     0.993258
00041     9.980488     0.994543
00042     9.742857     0.994064
00043     9.516279     0.993865
00044     9.300000     0.994422
00045     9.093333     0.994562
00046     8.895652     0.994025
00047     8.706383     0.991691
00048     8.525000     0.991859
00049     8.351021     0.992340
00050     8.184000     0.991781
00051     8.023529     0.990878
00052     7.869231     0.987768
00053     7.720755     0.986359
00054     7.577777     0.987330
00055     7.440000     0.984619
00056     7.307143     0.984379
00057     7.178947     0.985394
00058     7.055172     0.985197
00059     6.935593     0.981628
00060     6.820000     0.980526
00061     6.708196     0.983241
00062     6.600000     0.980603
00063     6.495238     0.981465
00064     6.393750     0.979248
00065     6.295385     0.974885
00066     6.200000     0.974600
00067     6.107462     0.972837
00068     6.017647     0.973352
00069     5.930435     0.975029
00070     5.845714     0.973356
00071     5.763380     0.971045
00072     5.683333     0.974878
00073     5.605479     0.975898
00074     5.529730     0.972345
00075     5.456000     0.970483
00076     5.384210     0.973406
00077     5.314286     0.973725
00078     5.246154     0.973149
00079     5.179747     0.973141
00080     5.115000     0.973310
00081     5.051852     0.971522
00082     4.990244     0.966871
00083     4.930120     0.965961
00084     4.871429     0.969290
00085     4.814118     0.970549
00086     4.758139     0.969716
00087     4.703448     0.967977
00088     4.650000     0.966256
00089     4.597753     0.961470
00090     4.546667     0.962207
00091     4.496703     0.959294
00092     4.447826     0.955657
00093     4.400000     0.946337
00094     4.353191     0.940484
00095     4.307368     0.929359
00096     4.262500     0.930950
00097     4.218557     0.920373
00098     4.175510     0.908926
00099     4.133333     0.891458
00100     4.092000     0.885745
00101     4.051485     0.883030
00102     4.011765     0.871212
00103     3.972816     0.838085
00104     3.934615     0.847975
00105     3.897143     0.837266
00106     3.860377     0.795536
00107     3.824299     0.767004
00108     3.788889     0.752157
00109     3.754128     0.743591
00110     3.720000     0.726070
00111     3.686486     0.677765
00112     3.653571     0.658497
00113     3.621239     0.617284
00114     3.589474     0.567268
00115     3.558261     0.581070
00116     3.527586     0.591002
00117     3.497436     0.576725
00118     3.467796     0.515307
00119     3.438655     0.468671
00120     3.410000     0.414208
00121     3.381818     0.365358
00122     3.354098     0.345237
00123     3.326829     0.301467
00124     3.300000     0.235185
00125     3.273600     0.230607
00126     3.247619     0.248881
00127     3.222047     0.177513
00128     3.196875     0.132966
00129     3.172093     0.147671
00130     3.147692     0.135595
00131     3.123664     0.086777
00132     3.100000     0.047988
00133     3.076692     0.088942
00134     3.053731     0.100741
00135     3.031111     0.048812
00136     3.008823     0.034709
00137     2.986861     0.054372
00138     2.965217     0.018200
00139     2.943885     0.015383
00140     2.922857     0.029505
00141     2.902128     0.018916
00142     2.881690     0.033230
00143     2.861539     0.009169
00144     2.841667    -0.039956
00145     2.822069    -0.023619
00146     2.802740    -0.000629
00147     2.783673    -0.019180
00148     2.764865     0.016828
00149     2.746309     0.021819
00150     2.728000    -0.014287
00151     2.709934    -0.014304
00152     2.692105     0.004826
00153     2.674510     0.035448
00154     2.657143     0.028533
00155     2.640000     0.021820
00156     2.623077     0.033328
00157     2.606369    -0.007443
00158     2.589873    -0.025656
00159     2.573585    -0.023009
00160     2.557500    -0.009074
00161     2.541615    -0.013660
00162     2.525926    -0.027122
00163     2.510429     0.057590
00164     2.495122     0.042856
00165     2.480000     0.000840
00166     2.465060    -0.009041
00167     2.450299     0.000125
00168     2.435714     0.031785
00169     2.421302     0.001578
00170     2.407059    -0.027585
00171     2.392983    -0.014043
00172     2.379070    -0.002774
00173     2.365318    -0.008486
00174     2.351724    -0.010330
00175     2.338286    -0.024958
00176     2.325000     0.000553
00177     2.311864     0.020331
00178     2.298876     0.027248
00179     2.286034     0.006744
00180     2.273333     0.019689
00181     2.260774     0.012322
00182     2.248352     0.002613
00183     2.236066    -0.014777
00184     2.223913    -0.024932
00185     2.211892    -0.022874
00186     2.200000    -0.019544
00187     2.188235    -0.007348
00188     2.176596    -0.000514
00189     2.165079    -0.018802
00190     2.153684    -0.012027
00191     2.142408     0.002371
00192     2.131250     0.027887
00193     2.120207     0.000459
00194     2.109278     0.005407
00195     2.098462     0.024075
00196     2.087755     0.002382
00197     2.077157    -0.003985
00198     2.066667     0.025487
00199     2.056281     0.022785
00200     2.046000    -0.022596
00201     2.035821    -0.012397
00202     2.025743    -0.011354
