00001   409.200000     1.000000
00002   204.600000     0.999993
00003   136.400000     0.999993
00004   102.300000     0.999984
00005    81.839997     0.999956
00006    68.200000     0.999960
00007    58.457141     0.999875
00008    51.150000     0.999771
00009    45.466668     0.999900
00010    40.919998     0.999775
00011    37.199999     0.999672
00012    34.100000     0.999845
00013    31.476924     0.999802
00014    29.228571     0.999757
00015    27.279998     0.999692
00016    25.575000     0.999339
00017    24.070587     0.999294
00018    22.733334     0.998738
00019    21.536842     0.998688
00020    20.459999     0.998697
00021    19.485714     0.999146
00022    18.600000     0.999246
00023    17.791305     0.999153
00024    17.050000     0.998505
00025    16.368000     0.998048
00026    15.738462     0.997757
00027    15.155555     0.997590
00028    14.614285     0.997744
00029    14.110345     0.996658
00030    13.639999     0.997500
00031    13.200000     0.997403
00032    12.787500     0.997263
00033    12.399999     0.997151
00034    12.035294     0.995884
00035    11.691429     0.996675
00036    11.366667     0.996040
00037    11.059459     0.996163
00038    10.768421     0.996092
00039    10.492308     0.994579
00040    10.230000     0.992677
00041     9.980488     0.993618
00042     9.742857     0.992759
00043     9.516279     0.992191
00044     9.300000     0.992828
00045     9.093333     0.992745
00046     8.895652     0.992442
00047     8.706383     0.989729
00048     8.525000     0.989705
00049     8.351021     0.990423
00050     8.184000     0.987682
00051     8.023529     0.987433
00052     7.869231     0.984955
00053     7.720755     0.983046
00054     7.577777     0.982126
00055     7.440000     0.979501
00056     7.307143     0.978781
00057     7.178947     0.979781
00058     7.055172     0.978913
00059     6.935593     0.974239
00060     6.820000     0.970025
00061     6.708196     0.974407
00062     6.600000     0.970302
00063     6.495238     0.972218
00064     6.393750     0.964389
00065     6.295385     0.960393
00066     6.200000     0.962580
00067     6.107462     0.961852
00068     6.017647     0.957409
00069     5.930435     0.959446
00070     5.845714     0.953236
00071     5.763380     0.949656
00072     5.683333     0.956205
00073     5.605479     0.953518
00074     5.529730     0.946255
00075     5.456000     0.945752
00076     5.384210     0.942591
00077     5.314286     0.950953
00078     5.246154     0.947939
00079     5.179747     0.942953
00080     5.115000     0.949192
00081     5.051852     0.940035
00082     4.990244     0.929633
00083     4.930120     0.923842
00084     4.871429     0.936889
00085     4.814118     0.931530
00086     4.758139     0.930090
00087     4.703448     0.914816
00088     4.650000     0.910515
00089     4.597753     0.902660
00090     4.546667     0.898160
00091     4.496703     0.889015
00092     4.447826     0.883689
00093     4.400000     0.871453
00094     4.353191     0.869445
00095     4.307368     0.838022
00096     4.262500     0.840924
00097     4.218557     0.785338
00098     4.175510     0.770755
00099     4.133333     0.727638
00100     4.092000     0.710813
00101     4.051485     0.708496
00102     4.011765     0.673882
00103     3.972816     0.594078
00104     3.934615     0.579747
00105     3.897143     0.534413
00106     3.860377     0.516409
00107     3.824299     0.470949
00108     3.788889     0.359598
00109     3.754128     0.419125
00110     3.720000     0.410352
00111     3.686486     0.256657
