00001   409.200000     1.000000
00002   204.600000     0.999995
00003   136.400000     0.999994
00004   102.300000     0.999985
00005    81.839997     0.999958
00006    68.200000     0.999964
00007    58.457141     0.999872
00008    51.150000     0.999741
00009    45.466668     0.999910
00010    40.919998     0.999755
00011    37.199999     0.999578
00012    34.100000     0.999835
00013    31.476924     0.999790
00014    29.228571     0.999767
00015    27.279998     0.999757
00016    25.575000     0.999336
00017    24.070587     0.999326
00018    22.733334     0.998659
00019    21.536842     0.998414
00020    20.459999     0.998635
00021    19.485714     0.998889
00022    18.600000     0.999059
00023    17.791305     0.999051
00024    17.050000     0.998268
00025    16.368000     0.997765
00026    15.738462     0.997621
00027    15.155555     0.997706
00028    14.614285     0.997795
00029    14.110345     0.996697
00030    13.639999     0.997108
00031    13.200000     0.997129
00032    12.787500     0.997142
00033    12.399999     0.996993
00034    12.035294     0.996050
00035    11.691429     0.996608
00036    11.366667     0.995682
00037    11.059459     0.995989
00038    10.768421     0.996068
00039    10.492308     0.994799
00040    10.230000     0.992688
00041     9.980488     0.993311
00042     9.742857     0.993111
00043     9.516279     0.992439
00044     9.300000     0.993514
00045     9.093333     0.992916
00046     8.895652     0.991825
00047     8.706383     0.988870
00048     8.525000     0.990347
00049     8.351021     0.990527
00050     8.184000     0.986548
00051     8.023529     0.986290
00052     7.869231     0.985619
00053     7.720755     0.982299
00054     7.577777     0.983759
00055     7.440000     0.980102
00056     7.307143     0.979458
00057     7.178947     0.981066
00058     7.055172     0.978414
00059     6.935593     0.975134
00060     6.820000     0.968710
00061     6.708196     0.975529
00062     6.600000     0.973258
00063     6.495238     0.972004
00064     6.393750     0.968387
00065     6.295385     0.962460
00066     6.200000     0.960177
00067     6.107462     0.958442
00068     6.017647     0.954135
00069     5.930435     0.957079
00070     5.845714     0.956313
00071     5.763380     0.949034
00072     5.683333     0.956189
00073     5.605479     0.955980
00074     5.529730     0.949009
00075     5.456000     0.945695
00076     5.384210     0.943736
00077     5.314286     0.949662
00078     5.246154     0.949976
00079     5.179747     0.938386
00080     5.115000     0.947842
00081     5.051852     0.943895
00082     4.990244     0.930556
00083     4.930120     0.917123
00084     4.871429     0.935137
00085     4.814118     0.931167
00086     4.758139     0.933176
00087     4.703448     0.921217
00088     4.650000     0.913977
00089     4.597753     0.905978
00090     4.546667     0.905632
00091     4.496703     0.893140
00092     4.447826     0.885558
00093     4.400000     0.866119
00094     4.353191     0.866863
00095     4.307368     0.832908
00096     4.262500     0.843498
00097     4.218557     0.798264
00098     4.175510     0.768358
00099     4.133333     0.734946
00100     4.092000     0.725671
00101     4.051485     0.718056
00102     4.011765     0.691372
00103     3.972816     0.618547
00104     3.934615     0.605644
00105     3.897143     0.573278
00106     3.860377     0.530974
00107     3.824299     0.515488
00108     3.788889     0.390562
00109     3.754128     0.444712
00110     3.720000     0.400094
00111     3.686486     0.275998
