00001   409.200000     1.000000
00002   204.600000     0.999997
00003   136.400000     0.999997
00004   102.300000     0.999984
00005    81.839997     0.999948
00006    68.200000     0.999972
00007    58.457141     0.999868
00008    51.150000     0.999777
00009    45.466668     0.999909
00010    40.919998     0.999800
00011    37.199999     0.999817
00012    34.100000     0.999875
00013    31.476924     0.999678
00014    29.228571     0.999750
00015    27.279998     0.999725
00016    25.575000     0.999099
00017    24.070587     0.999048
00018    22.733334     0.998832
00019    21.536842     0.998742
00020    20.459999     0.998794
00021    19.485714     0.998321
00022    18.600000     0.998948
00023    17.791305     0.998653
00024    17.050000     0.996645
00025    16.368000     0.995633
00026    15.738462     0.995276
00027    15.155555     0.995829
00028    14.614285     0.994341
00029    14.110345     0.991553
00030    13.639999     0.991843
00031    13.200000     0.988738
00032    12.787500     0.989401
00033    12.399999     0.989496
00034    12.035294     0.989829
00035    11.691429     0.989890
00036    11.366667     0.987009
00037    11.059459     0.986055
00038    10.768421     0.986335
00039    10.492308     0.986094
00040    10.230000     0.976630
00041     9.980488     0.982373
00042     9.742857     0.985734
00043     9.516279     0.977546
00044     9.300000     0.976755
00045     9.093333     0.975052
00046     8.895652     0.976541
00047     8.706383     0.966235
00048     8.525000     0.969371
00049     8.351021     0.976005
00050     8.184000     0.961495
00051     8.023529     0.969329
00052     7.869231     0.960297
00053     7.720755     0.944298
00054     7.577777     0.946236
00055     7.440000     0.919696
00056     7.307143     0.920564
00057     7.178947     0.923274
00058     7.055172     0.932430
00059     6.935593     0.917976
00060     6.820000     0.898272
00061     6.708196     0.921611
00062     6.600000     0.903719
00063     6.495238     0.898832
00064     6.393750     0.863255
00065     6.295385     0.859828
00066     6.200000     0.854638
00067     6.107462     0.845770
00068     6.017647     0.817215
00069     5.930435     0.841762
00070     5.845714     0.794955
00071     5.763380     0.810273
00072     5.683333     0.827090
00073     5.605479     0.789809
00074     5.529730     0.742667
00075     5.456000     0.787453
00076     5.384210     0.737034
00077     5.314286     0.767778
00078     5.246154     0.742095
00079     5.179747     0.712944
00080     5.115000     0.751315
00081     5.051852     0.679162
00082     4.990244     0.720916
00083     4.930120     0.647247
00084     4.871429     0.664562
00085     4.814118     0.670928
00086     4.758139     0.645797
00087     4.703448     0.614055
00088     4.650000     0.576574
00089     4.597753     0.602709
00090     4.546667     0.602076
00091     4.496703     0.514335
00092     4.447826     0.444502
00093     4.400000     0.405665
00094     4.353191     0.358853
00095     4.307368     0.324737
00096     4.262500     0.192666
