00001   409.200000     1.000000
00002   204.600000     0.999986
00003   136.400000     0.999988
00004   102.300000     0.999970
00005    81.839997     0.999970
00006    68.200000     0.999971
00007    58.457141     0.999884
00008    51.150000     0.999791
00009    45.466668     0.999911
00010    40.919998     0.999806
00011    37.199999     0.999726
00012    34.100000     0.999816
00013    31.476924     0.999706
00014    29.228571     0.999721
00015    27.279998     0.999710
00016    25.575000     0.999284
00017    24.070587     0.999180
00018    22.733334     0.998687
00019    21.536842     0.998394
00020    20.459999     0.998402
00021    19.485714     0.998862
00022    18.600000     0.998900
00023    17.791305     0.998967
00024    17.050000     0.998372
00025    16.368000     0.998115
00026    15.738462     0.997549
00027    15.155555     0.997096
00028    14.614285     0.997319
00029    14.110345     0.996238
00030    13.639999     0.996363
00031    13.200000     0.996371
00032    12.787500     0.996414
00033    12.399999     0.996664
00034    12.035294     0.994864
00035    11.691429     0.995792
00036    11.366667     0.994604
00037    11.059459     0.994801
00038    10.768421     0.995094
00039    10.492308     0.994363
00040    10.230000     0.993514
00041     9.980488     0.994129
00042     9.742857     0.994158
00043     9.516279     0.994100
00044     9.300000     0.994617
00045     9.093333     0.994800
00046     8.895652     0.994007
00047     8.706383     0.992401
00048     8.525000     0.992131
00049     8.351021     0.992180
00050     8.184000     0.992031
00051     8.023529     0.991139
00052     7.869231     0.988336
00053     7.720755     0.986216
00054     7.577777     0.987328
00055     7.440000     0.984940
00056     7.307143     0.984375
00057     7.178947     0.984894
00058     7.055172     0.984475
00059     6.935593     0.982329
00060     6.820000     0.981255
00061     6.708196     0.983863
00062     6.600000     0.980529
00063     6.495238     0.981348
00064     6.393750     0.978498
00065     6.295385     0.975701
00066     6.200000     0.975935
00067     6.107462     0.972025
00068     6.017647     0.971891
00069     5.930435     0.974890
00070     5.845714     0.972833
00071     5.763380     0.970351
00072     5.683333     0.974788
00073     5.605479     0.975110
00074     5.529730     0.972451
00075     5.456000     0.969982
00076     5.384210     0.973717
00077     5.314286     0.973614
00078     5.246154     0.972349
00079     5.179747     0.972155
00080     5.115000     0.973240
00081     5.051852     0.971221
00082     4.990244     0.967263
00083     4.930120     0.966587
00084     4.871429     0.970230
00085     4.814118     0.970952
00086     4.758139     0.969142
00087     4.703448     0.967721
00088     4.650000     0.965625
00089     4.597753     0.960799
00090     4.546667     0.961141
00091     4.496703     0.959641
00092     4.447826     0.956601
00093     4.400000     0.946811
00094     4.353191     0.940587
00095     4.307368     0.930169
00096     4.262500     0.932685
00097     4.218557     0.920311
00098     4.175510     0.907263
00099     4.133333     0.894470
00100     4.092000     0.888824
00101     4.051485     0.886467
00102     4.011765     0.873690
00103     3.972816     0.836935
00104     3.934615     0.848066
00105     3.897143     0.834020
00106     3.860377     0.797285
00107     3.824299     0.761118
00108     3.788889     0.744851
00109     3.754128     0.745155
00110     3.720000     0.721834
00111     3.686486     0.679255
00112     3.653571     0.665879
00113     3.621239     0.624698
00114     3.589474     0.569166
00115     3.558261     0.581666
00116     3.527586     0.596026
00117     3.497436     0.574937
00118     3.467796     0.512712
00119     3.438655     0.462672
00120     3.410000     0.421549
00121     3.381818     0.360552
00122     3.354098     0.333645
00123     3.326829     0.289287
00124     3.300000     0.237220
00125     3.273600     0.242779
00126     3.247619     0.249628
00127     3.222047     0.195474
00128     3.196875     0.144051
00129     3.172093     0.147679
00130     3.147692     0.136009
00131     3.123664     0.090967
00132     3.100000     0.044203
00133     3.076692     0.094402
00134     3.053731     0.095310
00135     3.031111     0.046254
00136     3.008823     0.042276
00137     2.986861     0.044224
00138     2.965217     0.015390
00139     2.943885     0.028333
00140     2.922857     0.040439
00141     2.902128     0.000558
00142     2.881690     0.042712
00143     2.861539     0.015016
00144     2.841667    -0.026008
00145     2.822069    -0.020765
00146     2.802740     0.002373
00147     2.783673    -0.021169
00148     2.764865     0.019351
00149     2.746309     0.020328
00150     2.728000    -0.009977
00151     2.709934    -0.003527
00152     2.692105     0.012701
00153     2.674510     0.042430
00154     2.657143     0.016822
00155     2.640000     0.015916
00156     2.623077     0.022846
00157     2.606369    -0.001251
00158     2.589873    -0.024902
00159     2.573585    -0.008789
00160     2.557500    -0.015435
00161     2.541615    -0.024084
00162     2.525926    -0.030814
00163     2.510429     0.038338
00164     2.495122     0.043759
00165     2.480000     0.001829
00166     2.465060    -0.000379
00167     2.450299     0.005862
00168     2.435714     0.028597
00169     2.421302     0.003084
00170     2.407059    -0.025376
00171     2.392983    -0.003850
00172     2.379070    -0.010474
00173     2.365318    -0.019370
00174     2.351724     0.013473
00175     2.338286    -0.012151
00176     2.325000     0.002282
00177     2.311864     0.018464
00178     2.298876     0.023764
00179     2.286034     0.012658
00180     2.273333     0.023958
00181     2.260774     0.022234
00182     2.248352    -0.021584
00183     2.236066    -0.024269
00184     2.223913    -0.015398
00185     2.211892    -0.010652
00186     2.200000    -0.030076
00187     2.188235    -0.005278
00188     2.176596     0.000206
00189     2.165079    -0.019687
00190     2.153684    -0.012821
00191     2.142408     0.000344
00192     2.131250     0.036765
00193     2.120207     0.002531
00194     2.109278     0.010053
00195     2.098462     0.019522
00196     2.087755     0.007503
00197     2.077157    -0.006628
00198     2.066667     0.019078
00199     2.056281     0.021836
00200     2.046000    -0.007415
