00001   409.200000     1.000000
00002   204.600000     0.999996
00003   136.400000     0.999994
00004   102.300000     0.999979
00005    81.839997     0.999952
00006    68.200000     0.999971
00007    58.457141     0.999884
00008    51.150000     0.999815
00009    45.466668     0.999904
00010    40.919998     0.999788
00011    37.199999     0.999759
00012    34.100000     0.999817
00013    31.476924     0.999512
00014    29.228571     0.999743
00015    27.279998     0.999729
00016    25.575000     0.998955
00017    24.070587     0.998927
00018    22.733334     0.998684
00019    21.536842     0.998564
00020    20.459999     0.998378
00021    19.485714     0.998104
00022    18.600000     0.998682
00023    17.791305     0.998178
00024    17.050000     0.996256
00025    16.368000     0.995784
00026    15.738462     0.994724
00027    15.155555     0.994222
00028    14.614285     0.994867
00029    14.110345     0.991918
00030    13.639999     0.990824
00031    13.200000     0.989220
00032    12.787500     0.985913
00033    12.399999     0.988395
00034    12.035294     0.988048
00035    11.691429     0.985122
00036    11.366667     0.985003
00037    11.059459     0.985536
00038    10.768421     0.986379
00039    10.492308     0.986454
00040    10.230000     0.974273
00041     9.980488     0.981064
00042     9.742857     0.979520
00043     9.516279     0.971972
00044     9.300000     0.975432
00045     9.093333     0.974218
00046     8.895652     0.971468
00047     8.706383     0.967951
00048     8.525000     0.965275
00049     8.351021     0.971811
00050     8.184000     0.955626
00051     8.023529     0.959669
00052     7.869231     0.951297
00053     7.720755     0.937189
00054     7.577777     0.934300
00055     7.440000     0.913503
00056     7.307143     0.911043
00057     7.178947     0.923168
00058     7.055172     0.910837
00059     6.935593     0.904024
00060     6.820000     0.881548
00061     6.708196     0.890073
00062     6.600000     0.891615
00063     6.495238     0.884030
00064     6.393750     0.825001
00065     6.295385     0.843010
00066     6.200000     0.807971
00067     6.107462     0.777609
00068     6.017647     0.745832
00069     5.930435     0.806356
00070     5.845714     0.780704
00071     5.763380     0.758500
00072     5.683333     0.768558
00073     5.605479     0.743358
00074     5.529730     0.720843
00075     5.456000     0.748618
00076     5.384210     0.716877
00077     5.314286     0.690194
00078     5.246154     0.682760
00079     5.179747     0.608654
00080     5.115000     0.669891
00081     5.051852     0.653047
00082     4.990244     0.631707
00083     4.930120     0.552659
00084     4.871429     0.611795
00085     4.814118     0.565796
00086     4.758139     0.625876
00087     4.703448     0.537850
00088     4.650000     0.533328
00089     4.597753     0.530246
00090     4.546667     0.524401
00091     4.496703     0.382210
00092     4.447826     0.363081
00093     4.400000     0.354867
00094     4.353191     0.306873
00095     4.307368     0.191717
00096     4.262500     0.118963
