00001   409.200000     1.000000
00002   204.600000     0.999992
00003   136.400000     0.999989
00004   102.300000     0.999969
00005    81.839997     0.999945
00006    68.200000     0.999962
00007    58.457141     0.999878
00008    51.150000     0.999803
00009    45.466668     0.999900
00010    40.919998     0.999734
00011    37.199999     0.999616
00012    34.100000     0.999777
00013    31.476924     0.999744
00014    29.228571     0.999749
00015    27.279998     0.999743
00016    25.575000     0.999226
00017    24.070587     0.999275
00018    22.733334     0.998678
00019    21.536842     0.998368
00020    20.459999     0.998587
00021    19.485714     0.998840
00022    18.600000     0.998759
00023    17.791305     0.998954
00024    17.050000     0.998269
00025    16.368000     0.998114
00026    15.738462     0.997680
00027    15.155555     0.997207
00028    14.614285     0.997412
00029    14.110345     0.996311
00030    13.639999     0.996236
00031    13.200000     0.996353
00032    12.787500     0.996517
00033    12.399999     0.996549
00034    12.035294     0.994453
00035    11.691429     0.995743
00036    11.366667     0.994732
00037    11.059459     0.994971
00038    10.768421     0.995247
00039    10.492308     0.994350
00040    10.230000     0.993139
00041     9.980488     0.994394
00042     9.742857     0.993871
00043     9.516279     0.993968
00044     9.300000     0.994299
00045     9.093333     0.994630
00046     8.895652     0.994163
00047     8.706383     0.992321
00048     8.525000     0.992469
00049     8.351021     0.992108
00050     8.184000     0.990834
00051     8.023529     0.990930
00052     7.869231     0.989306
00053     7.720755     0.987632
00054     7.577777     0.988083
00055     7.440000     0.986027
00056     7.307143     0.985622
00057     7.178947     0.986327
00058     7.055172     0.984760
00059     6.935593     0.983539
00060     6.820000     0.983251
00061     6.708196     0.985451
00062     6.600000     0.983857
00063     6.495238     0.983541
00064     6.393750     0.980596
00065     6.295385     0.978470
00066     6.200000     0.978362
00067     6.107462     0.976061
00068     6.017647     0.976853
00069     5.930435     0.977644
00070     5.845714     0.976481
00071     5.763380     0.975900
00072     5.683333     0.979329
00073     5.605479     0.980128
00074     5.529730     0.978658
00075     5.456000     0.976858
00076     5.384210     0.978834
00077     5.314286     0.980350
00078     5.246154     0.978522
00079     5.179747     0.978862
00080     5.115000     0.978291
00081     5.051852     0.976430
00082     4.990244     0.975123
00083     4.930120     0.975836
00084     4.871429     0.977217
00085     4.814118     0.977848
00086     4.758139     0.977119
00087     4.703448     0.974977
00088     4.650000     0.975468
00089     4.597753     0.970944
00090     4.546667     0.972842
00091     4.496703     0.972790
00092     4.447826     0.972299
00093     4.400000     0.970325
00094     4.353191     0.968189
00095     4.307368     0.963761
00096     4.262500     0.963216
00097     4.218557     0.952383
00098     4.175510     0.945920
00099     4.133333     0.944201
00100     4.092000     0.939687
00101     4.051485     0.934854
00102     4.011765     0.925143
00103     3.972816     0.910569
00104     3.934615     0.911797
00105     3.897143     0.905323
00106     3.860377     0.882500
00107     3.824299     0.879731
00108     3.788889     0.865478
00109     3.754128     0.853182
00110     3.720000     0.846680
00111     3.686486     0.832331
00112     3.653571     0.821586
00113     3.621239     0.788560
00114     3.589474     0.764822
00115     3.558261     0.777920
00116     3.527586     0.775454
00117     3.497436     0.747035
00118     3.467796     0.736416
00119     3.438655     0.702513
00120     3.410000     0.658469
00121     3.381818     0.628842
00122     3.354098     0.611234
00123     3.326829     0.568163
00124     3.300000     0.541105
00125     3.273600     0.512272
00126     3.247619     0.500298
00127     3.222047     0.477274
00128     3.196875     0.455484
00129     3.172093     0.389372
00130     3.147692     0.351743
00131     3.123664     0.334335
00132     3.100000     0.312133
00133     3.076692     0.289272
00134     3.053731     0.239479
00135     3.031111     0.184921
00136     3.008823     0.140362
00137     2.986861     0.142158
00138     2.965217     0.127856
00139     2.943885     0.130463
00140     2.922857     0.138996
00141     2.902128     0.067534
00142     2.881690     0.062686
00143     2.861539     0.026780
00144     2.841667     0.021224
00145     2.822069     0.052272
00146     2.802740     0.052849
00147     2.783673    -0.023971
00148     2.764865     0.026958
00149     2.746309     0.035614
00150     2.728000     0.004627
00151     2.709934     0.008130
00152     2.692105    -0.003042
00153     2.674510    -0.005442
00154     2.657143     0.012708
00155     2.640000    -0.005129
00156     2.623077    -0.010322
00157     2.606369     0.012303
00158     2.589873    -0.007226
00159     2.573585     0.024365
00160     2.557500     0.015301
00161     2.541615     0.015880
00162     2.525926    -0.012495
00163     2.510429     0.007291
00164     2.495122    -0.003353
00165     2.480000    -0.042108
00166     2.465060    -0.024877
00167     2.450299    -0.008621
00168     2.435714    -0.015608
00169     2.421302    -0.016987
00170     2.407059     0.003617
00171     2.392983     0.029891
00172     2.379070     0.015866
00173     2.365318    -0.035205
00174     2.351724    -0.005650
00175     2.338286     0.001482
00176     2.325000    -0.001238
00177     2.311864     0.000378
00178     2.298876    -0.010285
00179     2.286034    -0.023246
00180     2.273333    -0.007556
00181     2.260774    -0.014894
00182     2.248352     0.012383
00183     2.236066     0.000457
00184     2.223913    -0.002364
00185     2.211892    -0.007606
00186     2.200000     0.001602
00187     2.188235     0.001078
00188     2.176596    -0.007125
00189     2.165079    -0.012674
00190     2.153684    -0.009402
00191     2.142408    -0.024003
00192     2.131250    -0.007037
00193     2.120207    -0.035915
00194     2.109278    -0.009043
00195     2.098462     0.023057
00196     2.087755     0.018521
00197     2.077157     0.020976
00198     2.066667     0.020916
00199     2.056281    -0.004110
00200     2.046000     0.003507
00201     2.035821    -0.021147
00202     2.025743    -0.002520
00203     2.015764     0.020281
00204     2.005882    -0.001115
00205     1.996098    -0.007611
00206     1.986408    -0.001605
00207     1.976812    -0.002618
00208     1.967308     0.002617
00209     1.957895    -0.003849
00210     1.948571     0.009562
00211     1.939337     0.011641
00212     1.930189    -0.009655
00213     1.921127    -0.002474
00214     1.912149    -0.008137
00215     1.903256     0.009955
00216     1.894444     0.013277
00217     1.885714     0.007747
