00001   409.200000     1.000000
00002   204.600000     0.999993
00003   136.400000     0.999994
00004   102.300000     0.999979
00005    81.839997     0.999954
00006    68.200000     0.999953
00007    58.457141     0.999876
00008    51.150000     0.999764
00009    45.466668     0.999896
00010    40.919998     0.999737
00011    37.199999     0.999617
00012    34.100000     0.999752
00013    31.476924     0.999701
00014    29.228571     0.999703
00015    27.279998     0.999699
00016    25.575000     0.999247
00017    24.070587     0.999325
00018    22.733334     0.998771
00019    21.536842     0.998403
00020    20.459999     0.998569
00021    19.485714     0.999065
00022    18.600000     0.998948
00023    17.791305     0.998942
00024    17.050000     0.998445
00025    16.368000     0.998227
00026    15.738462     0.997641
00027    15.155555     0.996970
00028    14.614285     0.997312
00029    14.110345     0.996326
00030    13.639999     0.996354
00031    13.200000     0.996496
00032    12.787500     0.996400
00033    12.399999     0.996815
00034    12.035294     0.995011
00035    11.691429     0.995974
00036    11.366667     0.994770
00037    11.059459     0.995209
00038    10.768421     0.995000
00039    10.492308     0.994042
00040    10.230000     0.993558
00041     9.980488     0.994739
00042     9.742857     0.994512
00043     9.516279     0.994004
00044     9.300000     0.994487
00045     9.093333     0.994632
00046     8.895652     0.994128
00047     8.706383     0.992020
00048     8.525000     0.991970
00049     8.351021     0.992332
00050     8.184000     0.991538
00051     8.023529     0.990393
00052     7.869231     0.987181
00053     7.720755     0.986236
00054     7.577777     0.987506
00055     7.440000     0.985196
00056     7.307143     0.984788
00057     7.178947     0.985714
00058     7.055172     0.985027
00059     6.935593     0.982047
00060     6.820000     0.980989
00061     6.708196     0.983474
00062     6.600000     0.980829
00063     6.495238     0.981806
00064     6.393750     0.978798
00065     6.295385     0.975523
00066     6.200000     0.976033
00067     6.107462     0.972747
00068     6.017647     0.972926
00069     5.930435     0.974341
00070     5.845714     0.972922
00071     5.763380     0.971106
00072     5.683333     0.975789
00073     5.605479     0.975595
00074     5.529730     0.973447
00075     5.456000     0.970518
00076     5.384210     0.973803
00077     5.314286     0.973536
00078     5.246154     0.973510
00079     5.179747     0.973065
00080     5.115000     0.974179
00081     5.051852     0.970702
00082     4.990244     0.966919
00083     4.930120     0.965975
00084     4.871429     0.969693
00085     4.814118     0.970661
00086     4.758139     0.969767
00087     4.703448     0.968588
00088     4.650000     0.966763
00089     4.597753     0.961358
00090     4.546667     0.961736
00091     4.496703     0.958698
00092     4.447826     0.955832
00093     4.400000     0.946422
00094     4.353191     0.941365
00095     4.307368     0.931886
00096     4.262500     0.932919
00097     4.218557     0.921184
00098     4.175510     0.908538
00099     4.133333     0.891777
00100     4.092000     0.887307
00101     4.051485     0.886394
00102     4.011765     0.874309
00103     3.972816     0.841345
00104     3.934615     0.844823
00105     3.897143     0.834296
00106     3.860377     0.793681
00107     3.824299     0.762797
00108     3.788889     0.749012
00109     3.754128     0.745613
00110     3.720000     0.722840
00111     3.686486     0.676340
00112     3.653571     0.658394
00113     3.621239     0.616070
00114     3.589474     0.572956
00115     3.558261     0.580484
00116     3.527586     0.588006
00117     3.497436     0.566886
00118     3.467796     0.499829
00119     3.438655     0.450701
00120     3.410000     0.409388
00121     3.381818     0.352444
00122     3.354098     0.329570
00123     3.326829     0.284366
00124     3.300000     0.243720
00125     3.273600     0.242794
00126     3.247619     0.250823
00127     3.222047     0.185336
00128     3.196875     0.138488
00129     3.172093     0.143104
00130     3.147692     0.117746
00131     3.123664     0.089887
00132     3.100000     0.039758
00133     3.076692     0.084922
00134     3.053731     0.089497
00135     3.031111     0.040326
00136     3.008823     0.050510
00137     2.986861     0.064627
00138     2.965217     0.028195
00139     2.943885     0.018911
00140     2.922857     0.034116
00141     2.902128     0.031481
00142     2.881690     0.051573
00143     2.861539     0.021021
00144     2.841667    -0.023078
00145     2.822069    -0.016585
00146     2.802740     0.002947
00147     2.783673    -0.015820
00148     2.764865     0.017498
00149     2.746309     0.006401
00150     2.728000    -0.000078
00151     2.709934    -0.005422
00152     2.692105     0.012299
00153     2.674510     0.054375
00154     2.657143     0.031016
00155     2.640000     0.014647
00156     2.623077     0.043301
00157     2.606369     0.000391
00158     2.589873    -0.009041
00159     2.573585    -0.025099
00160     2.557500    -0.011255
00161     2.541615    -0.014606
00162     2.525926    -0.028124
00163     2.510429     0.048546
00164     2.495122     0.037996
00165     2.480000    -0.008953
00166     2.465060    -0.010482
00167     2.450299     0.002190
00168     2.435714     0.024546
00169     2.421302    -0.001480
00170     2.407059    -0.034501
00171     2.392983    -0.019977
00172     2.379070    -0.019818
00173     2.365318    -0.019170
00174     2.351724     0.006122
00175     2.338286    -0.023431
00176     2.325000     0.003089
00177     2.311864     0.012018
00178     2.298876     0.012551
00179     2.286034     0.004273
00180     2.273333     0.023249
00181     2.260774     0.013048
00182     2.248352    -0.012992
00183     2.236066    -0.016562
00184     2.223913    -0.012342
00185     2.211892    -0.026012
00186     2.200000    -0.020383
00187     2.188235    -0.011022
00188     2.176596     0.007897
00189     2.165079    -0.010795
00190     2.153684    -0.011297
00191     2.142408    -0.013879
00192     2.131250     0.028043
00193     2.120207     0.005521
00194     2.109278     0.012901
00195     2.098462     0.019219
00196     2.087755     0.010964
00197     2.077157    -0.003704
00198     2.066667     0.005889
00199     2.056281     0.014760
00200     2.046000    -0.020510
