00001   409.200000     1.000000
00002   204.600000     0.999990
00003   136.400000     0.999989
00004   102.300000     0.999974
00005    81.839997     0.999954
00006    68.200000     0.999962
00007    58.457141     0.999876
00008    51.150000     0.999776
00009    45.466668     0.999878
00010    40.919998     0.999765
00011    37.199999     0.999643
00012    34.100000     0.999810
00013    31.476924     0.999738
00014    29.228571     0.999741
00015    27.279998     0.999683
00016    25.575000     0.999263
00017    24.070587     0.999211
00018    22.733334     0.998706
00019    21.536842     0.998572
00020    20.459999     0.998603
00021    19.485714     0.999082
00022    18.600000     0.999157
00023    17.791305     0.999157
00024    17.050000     0.998608
00025    16.368000     0.998016
00026    15.738462     0.997735
00027    15.155555     0.997580
00028    14.614285     0.997650
00029    14.110345     0.996307
00030    13.639999     0.996871
00031    13.200000     0.997143
00032    12.787500     0.996908
00033    12.399999     0.996946
00034    12.035294     0.995522
00035    11.691429     0.996664
00036    11.366667     0.995952
00037    11.059459     0.996181
00038    10.768421     0.996331
00039    10.492308     0.995328
00040    10.230000     0.993899
00041     9.980488     0.995273
00042     9.742857     0.994715
00043     9.516279     0.994621
00044     9.300000     0.994977
00045     9.093333     0.995082
00046     8.895652     0.994635
00047     8.706383     0.992465
00048     8.525000     0.991116
00049     8.351021     0.991211
00050     8.184000     0.989247
00051     8.023529     0.989151
00052     7.869231     0.987506
00053     7.720755     0.986037
00054     7.577777     0.985467
00055     7.440000     0.981597
00056     7.307143     0.981405
00057     7.178947     0.981679
00058     7.055172     0.980743
00059     6.935593     0.977384
00060     6.820000     0.973714
00061     6.708196     0.978111
00062     6.600000     0.975355
00063     6.495238     0.975758
00064     6.393750     0.970787
00065     6.295385     0.967861
00066     6.200000     0.966951
00067     6.107462     0.965462
00068     6.017647     0.964366
00069     5.930435     0.966847
00070     5.845714     0.963545
00071     5.763380     0.959904
00072     5.683333     0.965736
00073     5.605479     0.963706
00074     5.529730     0.959474
00075     5.456000     0.955746
00076     5.384210     0.953387
00077     5.314286     0.957577
00078     5.246154     0.957007
00079     5.179747     0.956410
00080     5.115000     0.960936
00081     5.051852     0.956101
00082     4.990244     0.947087
00083     4.930120     0.939463
00084     4.871429     0.949210
00085     4.814118     0.947388
00086     4.758139     0.945470
00087     4.703448     0.943637
00088     4.650000     0.937498
00089     4.597753     0.925399
00090     4.546667     0.928161
00091     4.496703     0.925071
00092     4.447826     0.919471
00093     4.400000     0.908090
00094     4.353191     0.910745
00095     4.307368     0.883593
00096     4.262500     0.882905
00097     4.218557     0.846720
00098     4.175510     0.836160
00099     4.133333     0.806049
00100     4.092000     0.795945
00101     4.051485     0.797270
00102     4.011765     0.765744
00103     3.972816     0.705848
00104     3.934615     0.695554
00105     3.897143     0.660025
00106     3.860377     0.625747
00107     3.824299     0.585606
00108     3.788889     0.521777
00109     3.754128     0.553764
00110     3.720000     0.520062
00111     3.686486     0.450648
00112     3.653571     0.391358
00113     3.621239     0.363658
00114     3.589474     0.277893
00115     3.558261     0.280270
00116     3.527586     0.257372
00117     3.497436     0.269882
00118     3.467796     0.254773
00119     3.438655     0.182770
00120     3.410000     0.141299
