00001   409.200000     0.999997
00002   204.600000     0.999996
00003   136.400000     0.999997
00004   102.300000     0.999937
00005    81.839997     0.999978
00006    68.200000     0.999861
00007    58.457141     0.999841
00008    51.150000     0.999330
00009    45.466668     0.999642
00010    40.919998     0.997527
00011    37.199999     0.997533
00012    34.100000     0.995954
00013    31.476924     0.992896
00014    29.228571     0.990575
00015    27.279998     0.996663
00016    25.575000     0.983473
00017    24.070587     0.994568
00018    22.733334     0.980234
00019    21.536842     0.983864
00020    20.459999     0.961646
00021    19.485714     0.977034
00022    18.600000     0.958760
00023    17.791305     0.938796
00024    17.050000     0.927146
00025    16.368000     0.958845
00026    15.738462     0.947603
00027    15.155555     0.924874
00028    14.614285     0.845582
00029    14.110345     0.717003
00030    13.639999     0.553601
00031    13.200000     0.702390
00032    12.787500     0.510824
00033    12.399999     0.466304
00034    12.035294     0.487958
00035    11.691429     0.541111
00036    11.366667     0.495844
00037    11.059459     0.573528
00038    10.768421     0.294251
00039    10.492308     0.218168
00040    10.230000     0.264658
00041     9.980488     0.167325
00042     9.742857     0.005569
00043     9.516279     0.137632
00044     9.300000     0.054138
00045     9.093333     0.007053
00046     8.895652     0.168299
00047     8.706383     0.150657
00048     8.525000    -0.051197
00049     8.351021     0.020654
00050     8.184000     0.009789
00051     8.023529    -0.090022
00052     7.869231    -0.061635
00053     7.720755     0.039224
00054     7.577777    -0.054952
00055     7.440000    -0.011787
00056     7.307143     0.117430
00057     7.178947     0.084263
00058     7.055172    -0.028344
00059     6.935593    -0.062667
00060     6.820000     0.039749
00061     6.708196     0.106723
00062     6.600000     0.034108
00063     6.495238    -0.018721
00064     6.393750    -0.029387
00065     6.295385     0.053902
00066     6.200000    -0.087104
00067     6.107462    -0.075730
00068     6.017647     0.030523
00069     5.930435     0.061534
00070     5.845714    -0.028352
00071     5.763380     0.017520
00072     5.683333     0.064471
00073     5.605479     0.024554
00074     5.529730     0.006238
00075     5.456000    -0.018913
00076     5.384210     0.030885
00077     5.314286    -0.001490
00078     5.246154    -0.013378
00079     5.179747    -0.025684
00080     5.115000    -0.030741
