00001   409.200000     0.999999
00002   204.600000     0.999987
00003   136.400000     0.999992
00004   102.300000     0.999979
00005    81.839997     0.999958
00006    68.200000     0.999970
00007    58.457141     0.999886
00008    51.150000     0.999766
00009    45.466668     0.999871
00010    40.919998     0.999637
00011    37.199999     0.999579
00012    34.100000     0.999783
00013    31.476924     0.999699
00014    29.228571     0.999704
00015    27.279998     0.999708
00016    25.575000     0.999223
00017    24.070587     0.999264
00018    22.733334     0.998746
00019    21.536842     0.998447
00020    20.459999     0.998433
00021    19.485714     0.998862
00022    18.600000     0.998842
00023    17.791305     0.998891
00024    17.050000     0.998159
00025    16.368000     0.997899
00026    15.738462     0.997457
00027    15.155555     0.997115
00028    14.614285     0.997431
00029    14.110345     0.996347
00030    13.639999     0.996130
00031    13.200000     0.996581
00032    12.787500     0.996465
00033    12.399999     0.996466
00034    12.035294     0.994744
00035    11.691429     0.995891
00036    11.366667     0.994580
00037    11.059459     0.995014
00038    10.768421     0.995083
00039    10.492308     0.994151
00040    10.230000     0.993454
00041     9.980488     0.994645
00042     9.742857     0.994335
00043     9.516279     0.994007
00044     9.300000     0.994600
00045     9.093333     0.994620
00046     8.895652     0.993924
00047     8.706383     0.992172
00048     8.525000     0.992112
00049     8.351021     0.992456
00050     8.184000     0.991765
00051     8.023529     0.990869
00052     7.869231     0.988083
00053     7.720755     0.986915
00054     7.577777     0.987591
00055     7.440000     0.985716
00056     7.307143     0.985026
00057     7.178947     0.985333
00058     7.055172     0.985241
00059     6.935593     0.982316
00060     6.820000     0.981140
00061     6.708196     0.982911
00062     6.600000     0.980513
00063     6.495238     0.981958
00064     6.393750     0.979573
00065     6.295385     0.976429
00066     6.200000     0.975828
00067     6.107462     0.973227
00068     6.017647     0.972619
00069     5.930435     0.974921
00070     5.845714     0.973037
00071     5.763380     0.971890
00072     5.683333     0.975987
00073     5.605479     0.975986
00074     5.529730     0.973551
00075     5.456000     0.971579
00076     5.384210     0.973968
00077     5.314286     0.973827
00078     5.246154     0.973214
00079     5.179747     0.972792
00080     5.115000     0.974556
00081     5.051852     0.971313
00082     4.990244     0.966672
00083     4.930120     0.966619
00084     4.871429     0.969772
00085     4.814118     0.970952
00086     4.758139     0.969341
00087     4.703448     0.968858
00088     4.650000     0.966345
00089     4.597753     0.960919
00090     4.546667     0.960988
00091     4.496703     0.955167
00092     4.447826     0.951884
00093     4.400000     0.945387
00094     4.353191     0.941983
00095     4.307368     0.932141
00096     4.262500     0.930630
00097     4.218557     0.918852
00098     4.175510     0.905106
00099     4.133333     0.890130
00100     4.092000     0.886863
00101     4.051485     0.887750
00102     4.011765     0.876500
00103     3.972816     0.838851
00104     3.934615     0.842873
00105     3.897143     0.827986
00106     3.860377     0.788332
00107     3.824299     0.758826
00108     3.788889     0.740835
00109     3.754128     0.737566
00110     3.720000     0.717319
00111     3.686486     0.670552
00112     3.653571     0.642307
00113     3.621239     0.606044
00114     3.589474     0.562788
00115     3.558261     0.576726
00116     3.527586     0.578845
00117     3.497436     0.558301
00118     3.467796     0.488417
00119     3.438655     0.444114
00120     3.410000     0.392193
00121     3.381818     0.341983
00122     3.354098     0.316822
00123     3.326829     0.278757
00124     3.300000     0.233328
00125     3.273600     0.229828
00126     3.247619     0.220742
00127     3.222047     0.164992
00128     3.196875     0.113366
00129     3.172093     0.127680
00130     3.147692     0.114557
00131     3.123664     0.077458
00132     3.100000     0.035773
00133     3.076692     0.054260
00134     3.053731     0.068785
00135     3.031111     0.048795
00136     3.008823     0.039637
00137     2.986861     0.043254
00138     2.965217     0.008311
00139     2.943885     0.004418
00140     2.922857     0.021852
00141     2.902128     0.013506
00142     2.881690     0.041389
00143     2.861539     0.019032
00144     2.841667    -0.021288
00145     2.822069    -0.022025
00146     2.802740    -0.012235
00147     2.783673    -0.028989
00148     2.764865    -0.001706
00149     2.746309     0.005517
00150     2.728000     0.004368
00151     2.709934    -0.005324
00152     2.692105     0.004537
00153     2.674510     0.038831
00154     2.657143     0.033449
00155     2.640000     0.008148
00156     2.623077     0.020885
00157     2.606369    -0.007822
00158     2.589873    -0.009119
00159     2.573585    -0.013179
00160     2.557500    -0.025753
00161     2.541615    -0.017650
00162     2.525926    -0.026758
00163     2.510429     0.039880
00164     2.495122     0.039051
00165     2.480000     0.011465
00166     2.465060    -0.010444
00167     2.450299    -0.010102
00168     2.435714     0.015834
00169     2.421302    -0.002461
00170     2.407059    -0.022444
00171     2.392983    -0.016586
00172     2.379070    -0.019275
00173     2.365318    -0.012140
00174     2.351724     0.020950
00175     2.338286    -0.008361
00176     2.325000    -0.009022
00177     2.311864     0.022055
00178     2.298876     0.018120
00179     2.286034     0.002030
00180     2.273333     0.003505
00181     2.260774     0.011904
00182     2.248352    -0.010434
00183     2.236066    -0.018762
