00001   409.200000     1.000000
00002   204.600000     0.999996
00003   136.400000     0.999995
00004   102.300000     0.999987
00005    81.839997     0.999963
00006    68.200000     0.999972
00007    58.457141     0.999888
00008    51.150000     0.999829
00009    45.466668     0.999910
00010    40.919998     0.999772
00011    37.199999     0.999691
00012    34.100000     0.999828
00013    31.476924     0.999798
00014    29.228571     0.999818
00015    27.279998     0.999762
00016    25.575000     0.999259
00017    24.070587     0.999255
00018    22.733334     0.999008
00019    21.536842     0.998787
00020    20.459999     0.998976
00021    19.485714     0.999169
00022    18.600000     0.999338
00023    17.791305     0.999115
00024    17.050000     0.997787
00025    16.368000     0.997217
00026    15.738462     0.996655
00027    15.155555     0.995832
00028    14.614285     0.996430
00029    14.110345     0.995070
00030    13.639999     0.995441
00031    13.200000     0.995213
00032    12.787500     0.995401
00033    12.399999     0.995231
00034    12.035294     0.992870
00035    11.691429     0.994414
00036    11.366667     0.993078
00037    11.059459     0.992310
00038    10.768421     0.992638
00039    10.492308     0.991429
00040    10.230000     0.990330
00041     9.980488     0.990672
00042     9.742857     0.991285
00043     9.516279     0.989651
00044     9.300000     0.990543
00045     9.093333     0.989879
00046     8.895652     0.989009
00047     8.706383     0.983374
00048     8.525000     0.986473
00049     8.351021     0.986120
00050     8.184000     0.979856
00051     8.023529     0.979507
00052     7.869231     0.975723
00053     7.720755     0.973245
00054     7.577777     0.974522
00055     7.440000     0.967456
00056     7.307143     0.961543
00057     7.178947     0.962160
00058     7.055172     0.961669
00059     6.935593     0.958247
00060     6.820000     0.948361
00061     6.708196     0.959894
00062     6.600000     0.951517
00063     6.495238     0.948803
00064     6.393750     0.933783
00065     6.295385     0.929272
00066     6.200000     0.924081
00067     6.107462     0.919404
00068     6.017647     0.911984
00069     5.930435     0.916112
00070     5.845714     0.904271
00071     5.763380     0.898371
00072     5.683333     0.914448
00073     5.605479     0.901384
00074     5.529730     0.892057
00075     5.456000     0.886321
00076     5.384210     0.893629
00077     5.314286     0.890254
00078     5.246154     0.878482
00079     5.179747     0.860009
00080     5.115000     0.869262
00081     5.051852     0.854314
00082     4.990244     0.858039
00083     4.930120     0.818257
00084     4.871429     0.846671
00085     4.814118     0.827104
00086     4.758139     0.835278
00087     4.703448     0.822168
00088     4.650000     0.821857
00089     4.597753     0.795639
00090     4.546667     0.778937
00091     4.496703     0.730033
00092     4.447826     0.696563
00093     4.400000     0.691405
00094     4.353191     0.665997
00095     4.307368     0.622257
00096     4.262500     0.537262
