00001   409.200000     1.000000
00002   204.600000     0.999997
00003   136.400000     0.999998
00004   102.300000     0.999960
00005    81.839997     0.999966
00006    68.200000     0.999955
00007    58.457141     0.999937
00008    51.150000     0.999174
00009    45.466668     0.999304
00010    40.919998     0.996565
00011    37.199999     0.997536
00012    34.100000     0.995788
00013    31.476924     0.994462
00014    29.228571     0.993549
00015    27.279998     0.998106
00016    25.575000     0.990043
00017    24.070587     0.995307
00018    22.733334     0.968975
00019    21.536842     0.985211
00020    20.459999     0.971661
00021    19.485714     0.979671
00022    18.600000     0.958128
00023    17.791305     0.945188
00024    17.050000     0.927034
00025    16.368000     0.962519
00026    15.738462     0.954444
00027    15.155555     0.875281
00028    14.614285     0.643151
00029    14.110345     0.582248
00030    13.639999     0.337574
00031    13.200000     0.408741
00032    12.787500    -0.065470
00033    12.399999    -0.397100
00034    12.035294     0.102756
00035    11.691429     0.377772
00036    11.366667     0.285295
00037    11.059459     0.444831
00038    10.768421    -0.214418
00039    10.492308    -0.528091
00040    10.230000     0.034031
00041     9.980488    -0.200921
00042     9.742857    -0.101127
00043     9.516279    -0.048857
00044     9.300000    -0.156365
00045     9.093333    -0.172121
00046     8.895652     0.133422
00047     8.706383     0.005542
00048     8.525000     0.066911
00049     8.351021     0.024761
00050     8.184000    -0.059349
00051     8.023529    -0.064971
00052     7.869231    -0.017861
00053     7.720755     0.025565
00054     7.577777     0.059753
00055     7.440000     0.086241
00056     7.307143     0.048323
00057     7.178947     0.104771
00058     7.055172     0.102428
00059     6.935593     0.072194
00060     6.820000    -0.001744
00061     6.708196    -0.010871
00062     6.600000     0.004750
00063     6.495238     0.014035
00064     6.393750    -0.088346
00065     6.295385    -0.070070
00066     6.200000    -0.039387
00067     6.107462     0.053640
00068     6.017647     0.079701
00069     5.930435     0.015278
00070     5.845714    -0.021804
00071     5.763380    -0.021744
00072     5.683333    -0.030560
00073     5.605479    -0.085530
00074     5.529730    -0.006712
00075     5.456000    -0.036777
00076     5.384210    -0.044025
00077     5.314286     0.004979
00078     5.246154     0.075709
00079     5.179747    -0.029430
00080     5.115000     0.038713
