00001   409.200000     1.000000
00002   204.600000     0.999996
00003   136.400000     0.999995
00004   102.300000     0.999985
00005    81.839997     0.999958
00006    68.200000     0.999967
00007    58.457141     0.999892
00008    51.150000     0.999796
00009    45.466668     0.999924
00010    40.919998     0.999763
00011    37.199999     0.999655
00012    34.100000     0.999827
00013    31.476924     0.999786
00014    29.228571     0.999823
00015    27.279998     0.999798
00016    25.575000     0.999340
00017    24.070587     0.999320
00018    22.733334     0.998929
00019    21.536842     0.998773
00020    20.459999     0.998947
00021    19.485714     0.999132
00022    18.600000     0.999374
00023    17.791305     0.999148
00024    17.050000     0.998081
00025    16.368000     0.997395
00026    15.738462     0.996667
00027    15.155555     0.995934
00028    14.614285     0.996779
00029    14.110345     0.994626
00030    13.639999     0.995140
00031    13.200000     0.994925
00032    12.787500     0.995297
00033    12.399999     0.994681
00034    12.035294     0.993121
00035    11.691429     0.995228
00036    11.366667     0.993076
00037    11.059459     0.992629
00038    10.768421     0.992933
00039    10.492308     0.992181
00040    10.230000     0.991094
00041     9.980488     0.991427
00042     9.742857     0.991748
00043     9.516279     0.990421
00044     9.300000     0.991050
00045     9.093333     0.989163
00046     8.895652     0.988746
00047     8.706383     0.983657
00048     8.525000     0.986592
00049     8.351021     0.986655
00050     8.184000     0.980390
00051     8.023529     0.981305
00052     7.869231     0.976802
00053     7.720755     0.971684
00054     7.577777     0.973853
00055     7.440000     0.965147
00056     7.307143     0.961854
00057     7.178947     0.963056
00058     7.055172     0.959829
00059     6.935593     0.959741
00060     6.820000     0.951528
00061     6.708196     0.961542
00062     6.600000     0.952857
00063     6.495238     0.950959
00064     6.393750     0.933780
00065     6.295385     0.931858
00066     6.200000     0.929133
00067     6.107462     0.924704
00068     6.017647     0.909488
00069     5.930435     0.908811
00070     5.845714     0.904644
00071     5.763380     0.899692
00072     5.683333     0.911010
00073     5.605479     0.907863
00074     5.529730     0.896114
00075     5.456000     0.895599
00076     5.384210     0.901004
00077     5.314286     0.897422
00078     5.246154     0.872341
00079     5.179747     0.852462
00080     5.115000     0.874349
00081     5.051852     0.857427
00082     4.990244     0.858589
00083     4.930120     0.824227
00084     4.871429     0.855723
00085     4.814118     0.828826
00086     4.758139     0.826677
00087     4.703448     0.818784
00088     4.650000     0.802371
00089     4.597753     0.773427
00090     4.546667     0.771454
00091     4.496703     0.730094
00092     4.447826     0.709969
00093     4.400000     0.701099
00094     4.353191     0.670615
00095     4.307368     0.610611
00096     4.262500     0.532573
