00001   409.200000     1.000000
00002   204.600000     0.999993
00003   136.400000     0.999992
00004   102.300000     0.999981
00005    81.839997     0.999957
00006    68.200000     0.999960
00007    58.457141     0.999870
00008    51.150000     0.999760
00009    45.466668     0.999907
00010    40.919998     0.999772
00011    37.199999     0.999646
00012    34.100000     0.999847
00013    31.476924     0.999763
00014    29.228571     0.999751
00015    27.279998     0.999781
00016    25.575000     0.999291
00017    24.070587     0.999326
00018    22.733334     0.998559
00019    21.536842     0.998625
00020    20.459999     0.998714
00021    19.485714     0.998964
00022    18.600000     0.999148
00023    17.791305     0.998961
00024    17.050000     0.998279
00025    16.368000     0.998156
00026    15.738462     0.997697
00027    15.155555     0.997497
00028    14.614285     0.998001
00029    14.110345     0.996846
00030    13.639999     0.996992
00031    13.200000     0.997550
00032    12.787500     0.997199
00033    12.399999     0.997341
00034    12.035294     0.996338
00035    11.691429     0.996881
00036    11.366667     0.995880
00037    11.059459     0.996265
00038    10.768421     0.996425
00039    10.492308     0.994357
00040    10.230000     0.991961
00041     9.980488     0.993668
00042     9.742857     0.993555
00043     9.516279     0.992576
00044     9.300000     0.992760
00045     9.093333     0.992810
00046     8.895652     0.992391
00047     8.706383     0.988659
00048     8.525000     0.990042
00049     8.351021     0.990711
00050     8.184000     0.985638
00051     8.023529     0.986067
00052     7.869231     0.985911
00053     7.720755     0.982645
00054     7.577777     0.982118
00055     7.440000     0.979024
00056     7.307143     0.979544
00057     7.178947     0.980999
00058     7.055172     0.978293
00059     6.935593     0.975630
00060     6.820000     0.971097
00061     6.708196     0.973928
00062     6.600000     0.968491
00063     6.495238     0.971572
00064     6.393750     0.965128
00065     6.295385     0.959756
00066     6.200000     0.960918
00067     6.107462     0.960172
00068     6.017647     0.958797
00069     5.930435     0.958660
00070     5.845714     0.957626
00071     5.763380     0.951017
00072     5.683333     0.957572
00073     5.605479     0.954439
00074     5.529730     0.946259
00075     5.456000     0.943357
00076     5.384210     0.940053
00077     5.314286     0.947249
00078     5.246154     0.948217
00079     5.179747     0.937586
00080     5.115000     0.945772
00081     5.051852     0.939440
00082     4.990244     0.930914
00083     4.930120     0.920078
00084     4.871429     0.932543
00085     4.814118     0.925045
00086     4.758139     0.928829
00087     4.703448     0.918708
00088     4.650000     0.914896
00089     4.597753     0.909782
00090     4.546667     0.903900
00091     4.496703     0.892205
00092     4.447826     0.879911
00093     4.400000     0.869599
00094     4.353191     0.868107
00095     4.307368     0.842716
00096     4.262500     0.842976
00097     4.218557     0.791198
00098     4.175510     0.769024
00099     4.133333     0.729759
00100     4.092000     0.722200
00101     4.051485     0.723813
00102     4.011765     0.668445
00103     3.972816     0.594512
00104     3.934615     0.599019
00105     3.897143     0.543553
00106     3.860377     0.484667
00107     3.824299     0.469997
00108     3.788889     0.416727
00109     3.754128     0.433620
00110     3.720000     0.401000
00111     3.686486     0.308735
