00001   409.200000     1.000000
00002   204.600000     0.999993
00003   136.400000     0.999993
00004   102.300000     0.999980
00005    81.839997     0.999955
00006    68.200000     0.999962
00007    58.457141     0.999898
00008    51.150000     0.999783
00009    45.466668     0.999909
00010    40.919998     0.999747
00011    37.199999     0.999613
00012    34.100000     0.999797
00013    31.476924     0.999727
00014    29.228571     0.999737
00015    27.279998     0.999721
00016    25.575000     0.999201
00017    24.070587     0.999240
00018    22.733334     0.998773
00019    21.536842     0.998358
00020    20.459999     0.998601
00021    19.485714     0.998953
00022    18.600000     0.998889
00023    17.791305     0.998978
00024    17.050000     0.998317
00025    16.368000     0.998005
00026    15.738462     0.997714
00027    15.155555     0.997229
00028    14.614285     0.997386
00029    14.110345     0.996348
00030    13.639999     0.996367
00031    13.200000     0.996619
00032    12.787500     0.996723
00033    12.399999     0.996705
00034    12.035294     0.995134
00035    11.691429     0.996449
00036    11.366667     0.995075
00037    11.059459     0.995340
00038    10.768421     0.995310
00039    10.492308     0.994414
00040    10.230000     0.993713
00041     9.980488     0.994653
00042     9.742857     0.994679
00043     9.516279     0.994443
00044     9.300000     0.994858
00045     9.093333     0.995074
00046     8.895652     0.994259
00047     8.706383     0.992996
00048     8.525000     0.992922
00049     8.351021     0.992703
00050     8.184000     0.992137
00051     8.023529     0.991232
00052     7.869231     0.988722
00053     7.720755     0.987123
00054     7.577777     0.987587
00055     7.440000     0.985897
00056     7.307143     0.984765
00057     7.178947     0.985644
00058     7.055172     0.985753
00059     6.935593     0.983004
00060     6.820000     0.982144
00061     6.708196     0.983825
00062     6.600000     0.981567
00063     6.495238     0.981752
00064     6.393750     0.980314
00065     6.295385     0.976717
00066     6.200000     0.975948
00067     6.107462     0.973175
00068     6.017647     0.973458
00069     5.930435     0.976608
00070     5.845714     0.975568
00071     5.763380     0.973396
00072     5.683333     0.977507
00073     5.605479     0.976260
00074     5.529730     0.973568
00075     5.456000     0.970919
00076     5.384210     0.973525
00077     5.314286     0.974080
00078     5.246154     0.973209
00079     5.179747     0.971881
00080     5.115000     0.973925
00081     5.051852     0.971205
00082     4.990244     0.967606
00083     4.930120     0.964559
00084     4.871429     0.968350
00085     4.814118     0.969813
00086     4.758139     0.968145
00087     4.703448     0.967048
00088     4.650000     0.961245
00089     4.597753     0.951775
00090     4.546667     0.953058
00091     4.496703     0.950608
00092     4.447826     0.948177
00093     4.400000     0.941154
00094     4.353191     0.936910
00095     4.307368     0.927257
00096     4.262500     0.928451
00097     4.218557     0.910346
00098     4.175510     0.899454
00099     4.133333     0.876020
00100     4.092000     0.876639
00101     4.051485     0.879326
00102     4.011765     0.864586
00103     3.972816     0.825526
00104     3.934615     0.827056
00105     3.897143     0.810199
00106     3.860377     0.770890
00107     3.824299     0.737957
00108     3.788889     0.713786
00109     3.754128     0.713326
00110     3.720000     0.676895
00111     3.686486     0.624060
00112     3.653571     0.605304
00113     3.621239     0.571496
00114     3.589474     0.509731
00115     3.558261     0.522741
00116     3.527586     0.520048
00117     3.497436     0.496649
00118     3.467796     0.429795
00119     3.438655     0.395025
00120     3.410000     0.340342
00121     3.381818     0.287579
00122     3.354098     0.252702
00123     3.326829     0.223866
00124     3.300000     0.177540
00125     3.273600     0.178900
00126     3.247619     0.196311
00127     3.222047     0.105410
00128     3.196875     0.080435
00129     3.172093     0.095545
00130     3.147692     0.099188
00131     3.123664     0.091463
00132     3.100000     0.034011
00133     3.076692     0.051738
00134     3.053731     0.067706
00135     3.031111     0.029860
00136     3.008823    -0.004690
00137     2.986861     0.008514
00138     2.965217    -0.021142
00139     2.943885     0.008033
00140     2.922857     0.016140
00141     2.902128     0.001012
00142     2.881690     0.042523
00143     2.861539     0.036366
00144     2.841667    -0.022960
00145     2.822069    -0.035527
00146     2.802740     0.003265
00147     2.783673     0.006641
00148     2.764865     0.007608
00149     2.746309     0.001248
00150     2.728000     0.002546
00151     2.709934     0.021020
00152     2.692105     0.010552
00153     2.674510     0.033931
00154     2.657143     0.037488
00155     2.640000     0.016837
00156     2.623077     0.021595
00157     2.606369    -0.001237
00158     2.589873    -0.015577
00159     2.573585    -0.013973
00160     2.557500    -0.008997
00161     2.541615    -0.001197
00162     2.525926    -0.007567
