00001   409.200000     1.000000
00002   204.600000     0.999995
00003   136.400000     0.999993
00004   102.300000     0.999980
00005    81.839997     0.999959
00006    68.200000     0.999965
00007    58.457141     0.999883
00008    51.150000     0.999821
00009    45.466668     0.999914
00010    40.919998     0.999762
00011    37.199999     0.999685
00012    34.100000     0.999848
00013    31.476924     0.999809
00014    29.228571     0.999815
00015    27.279998     0.999755
00016    25.575000     0.999227
00017    24.070587     0.999320
00018    22.733334     0.999041
00019    21.536842     0.998714
00020    20.459999     0.998833
00021    19.485714     0.999011
00022    18.600000     0.999312
00023    17.791305     0.998966
00024    17.050000     0.998233
00025    16.368000     0.997412
00026    15.738462     0.996973
00027    15.155555     0.996230
00028    14.614285     0.996864
00029    14.110345     0.994926
00030    13.639999     0.995828
00031    13.200000     0.995163
00032    12.787500     0.995101
00033    12.399999     0.994743
00034    12.035294     0.992587
00035    11.691429     0.994405
00036    11.366667     0.992801
00037    11.059459     0.992759
00038    10.768421     0.992679
00039    10.492308     0.992027
00040    10.230000     0.989795
00041     9.980488     0.990662
00042     9.742857     0.991207
00043     9.516279     0.989864
00044     9.300000     0.990929
00045     9.093333     0.989640
00046     8.895652     0.989345
00047     8.706383     0.983628
00048     8.525000     0.986007
00049     8.351021     0.985655
00050     8.184000     0.981003
00051     8.023529     0.979721
00052     7.869231     0.977387
00053     7.720755     0.972632
00054     7.577777     0.972452
00055     7.440000     0.966703
00056     7.307143     0.964016
00057     7.178947     0.962506
00058     7.055172     0.961251
00059     6.935593     0.960251
00060     6.820000     0.948035
00061     6.708196     0.961160
00062     6.600000     0.949496
00063     6.495238     0.952807
00064     6.393750     0.937796
00065     6.295385     0.931610
00066     6.200000     0.923600
00067     6.107462     0.922866
00068     6.017647     0.906921
00069     5.930435     0.913482
00070     5.845714     0.910562
00071     5.763380     0.891156
00072     5.683333     0.908076
00073     5.605479     0.903127
00074     5.529730     0.882912
00075     5.456000     0.886187
00076     5.384210     0.894335
00077     5.314286     0.887414
00078     5.246154     0.881631
00079     5.179747     0.861134
00080     5.115000     0.876881
00081     5.051852     0.858285
00082     4.990244     0.851387
00083     4.930120     0.816909
00084     4.871429     0.872255
00085     4.814118     0.825420
00086     4.758139     0.825291
00087     4.703448     0.813207
00088     4.650000     0.808090
00089     4.597753     0.790138
00090     4.546667     0.767366
00091     4.496703     0.725523
00092     4.447826     0.726118
00093     4.400000     0.704492
00094     4.353191     0.675460
00095     4.307368     0.641445
00096     4.262500     0.519333
