00001   409.200000     1.000000
00002   204.600000     0.999993
00003   136.400000     0.999992
00004   102.300000     0.999982
00005    81.839997     0.999967
00006    68.200000     0.999966
00007    58.457141     0.999874
00008    51.150000     0.999765
00009    45.466668     0.999917
00010    40.919998     0.999658
00011    37.199999     0.999672
00012    34.100000     0.999666
00013    31.476924     0.999422
00014    29.228571     0.999682
00015    27.279998     0.999553
00016    25.575000     0.998785
00017    24.070587     0.999018
00018    22.733334     0.998575
00019    21.536842     0.998568
00020    20.459999     0.998517
00021    19.485714     0.997266
00022    18.600000     0.998063
00023    17.791305     0.998279
00024    17.050000     0.997099
00025    16.368000     0.995578
00026    15.738462     0.994901
00027    15.155555     0.993776
00028    14.614285     0.992712
00029    14.110345     0.989836
00030    13.639999     0.987465
00031    13.200000     0.983291
00032    12.787500     0.983917
00033    12.399999     0.986067
00034    12.035294     0.984297
00035    11.691429     0.985145
00036    11.366667     0.983119
00037    11.059459     0.981639
00038    10.768421     0.978226
00039    10.492308     0.983653
00040    10.230000     0.967609
00041     9.980488     0.972442
00042     9.742857     0.969695
00043     9.516279     0.958394
00044     9.300000     0.968674
00045     9.093333     0.961706
00046     8.895652     0.958394
00047     8.706383     0.954942
00048     8.525000     0.958317
00049     8.351021     0.955423
00050     8.184000     0.913869
00051     8.023529     0.928032
00052     7.869231     0.913265
00053     7.720755     0.901848
00054     7.577777     0.897275
00055     7.440000     0.877164
00056     7.307143     0.865870
00057     7.178947     0.859345
00058     7.055172     0.857820
00059     6.935593     0.795485
00060     6.820000     0.768006
00061     6.708196     0.822659
00062     6.600000     0.746405
00063     6.495238     0.789622
00064     6.393750     0.723913
00065     6.295385     0.721076
00066     6.200000     0.640643
00067     6.107462     0.671112
00068     6.017647     0.593156
00069     5.930435     0.652410
00070     5.845714     0.555682
00071     5.763380     0.574749
00072     5.683333     0.512424
00073     5.605479     0.480533
00074     5.529730     0.440410
00075     5.456000     0.507966
00076     5.384210     0.442412
00077     5.314286     0.469503
00078     5.246154     0.439638
00079     5.179747     0.364808
00080     5.115000     0.428404
00081     5.051852     0.352227
00082     4.990244     0.282003
00083     4.930120     0.201775
00084     4.871429     0.311909
00085     4.814118     0.241434
00086     4.758139     0.325994
00087     4.703448     0.238978
00088     4.650000     0.262640
00089     4.597753     0.206376
00090     4.546667     0.139772
00091     4.496703     0.072315
00092     4.447826     0.156804
00093     4.400000     0.159789
00094     4.353191     0.083439
00095     4.307368     0.023030
00096     4.262500    -0.017807
