00001   409.200000     0.999996
00002   204.600000     0.999995
00003   136.400000     0.999995
00004   102.300000     0.999928
00005    81.839997     0.999971
00006    68.200000     0.999953
00007    58.457141     0.999918
00008    51.150000     0.999224
00009    45.466668     0.999574
00010    40.919998     0.997926
00011    37.199999     0.998151
00012    34.100000     0.995366
00013    31.476924     0.990377
00014    29.228571     0.989524
00015    27.279998     0.992425
00016    25.575000     0.984229
00017    24.070587     0.994136
00018    22.733334     0.974828
00019    21.536842     0.989540
00020    20.459999     0.980185
00021    19.485714     0.979746
00022    18.600000     0.959928
00023    17.791305     0.935083
00024    17.050000     0.917004
00025    16.368000     0.944908
00026    15.738462     0.945677
00027    15.155555     0.914339
00028    14.614285     0.882868
00029    14.110345     0.708051
00030    13.639999     0.612195
00031    13.200000     0.631829
00032    12.787500     0.415394
00033    12.399999     0.178283
00034    12.035294     0.363643
00035    11.691429     0.389203
00036    11.366667     0.395046
00037    11.059459     0.539090
00038    10.768421     0.202071
00039    10.492308     0.223318
00040    10.230000     0.269443
00041     9.980488     0.159440
00042     9.742857     0.163188
00043     9.516279     0.071622
00044     9.300000     0.052610
00045     9.093333     0.043033
00046     8.895652     0.220722
00047     8.706383     0.064854
00048     8.525000    -0.016411
00049     8.351021    -0.085054
00050     8.184000    -0.095945
00051     8.023529    -0.053199
00052     7.869231    -0.049471
00053     7.720755    -0.021751
00054     7.577777     0.054956
00055     7.440000    -0.006763
00056     7.307143    -0.041982
00057     7.178947    -0.022580
00058     7.055172    -0.068756
00059     6.935593     0.008167
00060     6.820000     0.022961
00061     6.708196     0.014222
00062     6.600000    -0.021141
00063     6.495238    -0.009615
00064     6.393750    -0.035979
00065     6.295385    -0.007469
00066     6.200000     0.008046
00067     6.107462     0.003865
00068     6.017647     0.134118
00069     5.930435     0.043661
00070     5.845714    -0.047066
00071     5.763380    -0.070350
00072     5.683333     0.011595
00073     5.605479     0.041007
00074     5.529730    -0.005809
00075     5.456000    -0.049086
00076     5.384210    -0.033232
00077     5.314286    -0.039517
00078     5.246154    -0.007156
00079     5.179747     0.047972
00080     5.115000     0.040416
