00001   409.200000     1.000000
00002   204.600000     0.999990
00003   136.400000     0.999990
00004   102.300000     0.999975
00005    81.839997     0.999957
00006    68.200000     0.999961
00007    58.457141     0.999875
00008    51.150000     0.999780
00009    45.466668     0.999916
00010    40.919998     0.999816
00011    37.199999     0.999643
00012    34.100000     0.999798
00013    31.476924     0.999765
00014    29.228571     0.999776
00015    27.279998     0.999757
00016    25.575000     0.999268
00017    24.070587     0.999328
00018    22.733334     0.998740
00019    21.536842     0.998510
00020    20.459999     0.998473
00021    19.485714     0.998795
00022    18.600000     0.999001
00023    17.791305     0.998959
00024    17.050000     0.998307
00025    16.368000     0.998016
00026    15.738462     0.997670
00027    15.155555     0.997229
00028    14.614285     0.997443
00029    14.110345     0.996280
00030    13.639999     0.996771
00031    13.200000     0.997080
00032    12.787500     0.997066
00033    12.399999     0.996729
00034    12.035294     0.995119
00035    11.691429     0.996263
00036    11.366667     0.995097
00037    11.059459     0.995299
00038    10.768421     0.995582
00039    10.492308     0.994809
00040    10.230000     0.993791
00041     9.980488     0.994934
00042     9.742857     0.994812
00043     9.516279     0.994667
00044     9.300000     0.994930
00045     9.093333     0.995170
00046     8.895652     0.994627
00047     8.706383     0.992914
00048     8.525000     0.993025
00049     8.351021     0.992990
00050     8.184000     0.992457
00051     8.023529     0.991900
00052     7.869231     0.989095
00053     7.720755     0.987935
00054     7.577777     0.988462
00055     7.440000     0.985933
00056     7.307143     0.985426
00057     7.178947     0.986116
00058     7.055172     0.985350
00059     6.935593     0.983488
00060     6.820000     0.982444
00061     6.708196     0.984203
00062     6.600000     0.981175
00063     6.495238     0.982243
00064     6.393750     0.980940
00065     6.295385     0.977746
00066     6.200000     0.976238
00067     6.107462     0.974616
00068     6.017647     0.973216
00069     5.930435     0.975617
00070     5.845714     0.975218
00071     5.763380     0.972376
00072     5.683333     0.975322
00073     5.605479     0.972444
00074     5.529730     0.967295
00075     5.456000     0.964041
00076     5.384210     0.965333
00077     5.314286     0.967490
00078     5.246154     0.966930
00079     5.179747     0.965125
00080     5.115000     0.968863
00081     5.051852     0.963725
00082     4.990244     0.958702
00083     4.930120     0.953144
00084     4.871429     0.958978
00085     4.814118     0.960920
00086     4.758139     0.959595
00087     4.703448     0.957337
00088     4.650000     0.952900
00089     4.597753     0.944395
00090     4.546667     0.947404
00091     4.496703     0.944447
00092     4.447826     0.941077
00093     4.400000     0.929438
00094     4.353191     0.931727
00095     4.307368     0.919365
00096     4.262500     0.915551
00097     4.218557     0.890760
00098     4.175510     0.877084
00099     4.133333     0.859719
00100     4.092000     0.857309
00101     4.051485     0.862170
00102     4.011765     0.836557
00103     3.972816     0.787191
00104     3.934615     0.781062
00105     3.897143     0.760620
00106     3.860377     0.719341
00107     3.824299     0.687029
00108     3.788889     0.657970
00109     3.754128     0.646428
00110     3.720000     0.612881
00111     3.686486     0.546728
00112     3.653571     0.549182
00113     3.621239     0.512808
00114     3.589474     0.460216
00115     3.558261     0.438456
00116     3.527586     0.438739
00117     3.497436     0.408672
00118     3.467796     0.337471
00119     3.438655     0.306006
00120     3.410000     0.272508
00121     3.381818     0.228228
00122     3.354098     0.198489
00123     3.326829     0.167623
00124     3.300000     0.103219
00125     3.273600     0.095120
00126     3.247619     0.148024
00127     3.222047     0.092124
00128     3.196875     0.060744
00129     3.172093     0.040079
00130     3.147692     0.053601
00131     3.123664     0.064998
00132     3.100000     0.046119
00133     3.076692     0.007673
00134     3.053731     0.048242
00135     3.031111     0.026185
00136     3.008823    -0.004420
00137     2.986861     0.008860
00138     2.965217     0.000162
00139     2.943885    -0.011772
00140     2.922857    -0.001910
00141     2.902128    -0.000409
00142     2.881690     0.011875
00143     2.861539     0.017986
00144     2.841667    -0.017721
00145     2.822069    -0.036791
