00001   409.200000     1.000000
00002   204.600000     0.999996
00003   136.400000     0.999995
00004   102.300000     0.999982
00005    81.839997     0.999951
00006    68.200000     0.999965
00007    58.457141     0.999887
00008    51.150000     0.999806
00009    45.466668     0.999920
00010    40.919998     0.999794
00011    37.199999     0.999676
00012    34.100000     0.999830
00013    31.476924     0.999806
00014    29.228571     0.999846
00015    27.279998     0.999819
00016    25.575000     0.999346
00017    24.070587     0.999348
00018    22.733334     0.999014
00019    21.536842     0.998833
00020    20.459999     0.998882
00021    19.485714     0.999116
00022    18.600000     0.999323
00023    17.791305     0.999090
00024    17.050000     0.998041
00025    16.368000     0.997331
00026    15.738462     0.996741
00027    15.155555     0.995855
00028    14.614285     0.996732
00029    14.110345     0.995139
00030    13.639999     0.995054
00031    13.200000     0.994851
00032    12.787500     0.995365
00033    12.399999     0.995007
00034    12.035294     0.992937
00035    11.691429     0.994998
00036    11.366667     0.993330
00037    11.059459     0.993034
00038    10.768421     0.992677
00039    10.492308     0.991302
00040    10.230000     0.989946
00041     9.980488     0.990795
00042     9.742857     0.991861
00043     9.516279     0.990197
00044     9.300000     0.989972
00045     9.093333     0.989531
00046     8.895652     0.988408
00047     8.706383     0.982331
00048     8.525000     0.986574
00049     8.351021     0.986698
00050     8.184000     0.980908
00051     8.023529     0.980438
00052     7.869231     0.975112
00053     7.720755     0.971141
00054     7.577777     0.974538
00055     7.440000     0.966288
00056     7.307143     0.965218
00057     7.178947     0.964380
00058     7.055172     0.960819
00059     6.935593     0.959447
00060     6.820000     0.947637
00061     6.708196     0.961572
00062     6.600000     0.952393
00063     6.495238     0.954515
00064     6.393750     0.937359
00065     6.295385     0.933859
00066     6.200000     0.926665
00067     6.107462     0.924906
00068     6.017647     0.914538
00069     5.930435     0.917516
00070     5.845714     0.907340
00071     5.763380     0.890523
00072     5.683333     0.908279
00073     5.605479     0.903902
00074     5.529730     0.892846
00075     5.456000     0.892194
00076     5.384210     0.899625
00077     5.314286     0.886004
00078     5.246154     0.871059
00079     5.179747     0.858351
00080     5.115000     0.880142
00081     5.051852     0.868120
00082     4.990244     0.860041
00083     4.930120     0.825739
00084     4.871429     0.856029
00085     4.814118     0.824567
00086     4.758139     0.833475
00087     4.703448     0.811761
00088     4.650000     0.803059
00089     4.597753     0.779235
00090     4.546667     0.782516
00091     4.496703     0.736631
00092     4.447826     0.725204
00093     4.400000     0.690542
00094     4.353191     0.664091
00095     4.307368     0.625017
00096     4.262500     0.533078
